1 4.1149
2 4.90389
3 5.08581
4 5.84645
5 7.29381
6 8.77554
7 10.7196
8 11.2677
9 12.232
10 17.3875
11 18.1592
12 18.4139
13 27.1786
14 26.9168
15 31.5405
16 28.8562
17 26.097
18 25.0134
19 31.2444
20 34.9823
21 33.7317
22 31.9105
23 37.0936
24 33.5063
25 31.8208
26 33.6342
27 29.9538
28 18.9897
29 18.941
30 19.3341
31 20.0161
32 19.8291
33 18.9176
34 24.8055
35 28.5783
36 28.8425
37 25.5037
38 26.8622
39 28.9076
40 25.7876
41 23.492
42 32.4922
43 28.4117
44 25.1853
45 30.1653
46 27.8958
47 29.5233
48 27.9497
49 27.9342
50 24.3908
51 23.4174
52 27.3985
53 25.3735
54 28.8376
55 34.9756
56 30.0523
57 27.8469
58 29.6494
59 29.242
60 31.2145
61 31.1043
62 29.4145
63 20.3619
64 21.7951
65 24.6694
66 29.8642
67 35.6723
68 25.6176
69 24.5977
70 31.3393
71 22.4887
72 33.5277
73 37.0717
74 27.6136
75 32.1373
76 37.041
77 34.4282
78 29.5221
79 33.0332
80 33.6672
81 33.4834
82 33.2805
83 31.8646
84 32.11
85 32.082
86 31.6271
87 29.5177
88 29.0393
89 37.5236
90 34.0877
91 33.4529
92 33.1252
93 32.9406
94 33.7621
95 35.1865
96 31.307
97 33.5477
98 33.072
99 28.1038
100 31.9549
101 35.164
102 30.7988
103 28.4758
104 30.0755
105 30.9018
106 35.3958
107 29.4198
108 32.3485
109 30.5393
110 34.5538
111 34.1913
112 30.9943
113 26.7892
114 31.8515
115 32.2707
116 31.1103
117 30.3037
118 30.7917
119 32.5119
120 65.5679
