1 7.1481
2 8.48994
3 10.8107
4 10.599
5 12.569
6 13.0547
7 16.1138
8 21.017
9 21.1291
10 23.1128
11 20.104
12 23.9484
13 25.9665
14 24.7484
15 25.7758
16 28.8089
17 38.1001
18 38.4154
19 43.097
20 50.412
21 42.4842
22 45.2799
23 39.0937
24 39.9887
25 37.3136
26 33.567
27 31.9367
28 31.455
29 32.6487
30 33.3525
31 35.9995
32 34.6434
33 32.0979
34 37.6499
35 31.5328
36 31.9105
37 32.1588
38 26.3058
39 32.4766
40 32.8057
41 24.7867
42 28.8623
43 25.366
44 34.6336
45 31.5087
46 29.6406
47 27.9286
48 32.7002
49 32.3005
50 34.2943
51 32.2382
52 38.1152
53 33.5911
54 37.3825
55 30.4106
56 23.4906
57 24.4819
58 32.5462
59 28.9351
60 23.1253
61 24.6063
62 20.7464
63 21.2222
64 22.1262
65 20.1809
66 34.2417
67 37.5783
68 38.8696
69 35.9451
70 39.5704
71 40.2946
72 38.8915
73 30.8258
74 29.0079
75 27.2866
76 34.7811
77 37.0721
78 36.679
79 26.937
80 30.8671
81 32.9368
82 35.2933
83 26.3573
84 33.3102
85 32.559
86 33.476
87 33.8411
88 30.774
89 31.9212
90 30.5741
91 32.4137
92 30.0275
93 28.606
94 33.1871
95 32.104
96 28.3115
97 30.4427
98 29.1906
99 27.8868
100 31.1952
101 28.9327
102 32.8321
103 27.8473
104 29.0038
105 31.92
106 29.6764
107 32.6363
108 30.2788
109 31.7806
110 31.2157
111 33.9503
112 29.9552
113 32.7032
114 30.7038
115 32.3739
116 32.0145
117 28.2177
118 30.3063
119 25.6795
120 36.0983
