1 4.96565
2 6.31819
3 6.9009
4 7.17321
5 6.96217
6 7.2771
7 8.1449
8 8.5857
9 8.92376
10 9.55811
11 10.9867
12 11.7669
13 12.6308
14 15.0255
15 14.1245
16 13.4579
17 14.258
18 15.2191
19 21.2353
20 22.1425
21 21.9235
22 25.8814
23 25.8784
24 26.4688
25 26.3943
26 30.6922
27 39.7517
28 35.2763
29 38.5738
30 38.1471
31 40.0053
32 45.8833
33 34.9199
34 32.742
35 32.5418
36 31.5646
37 31.9244
38 27.1175
39 27.8517
40 32.138
41 42.1182
42 32.8634
43 26.7157
44 26.427
45 27.074
46 29.0956
47 29.8914
48 30.4811
49 26.5668
50 29.6515
51 31.2237
52 28.5417
53 25.4313
54 30.7274
55 30.5699
56 29.3174
57 28.4565
58 26.6169
59 26.5856
60 27.8842
61 32.5792
62 30.6516
63 26.8714
64 33.4162
65 31.5842
66 24.7414
67 26.1312
68 31.0077
69 32.4621
70 36.8686
71 36.1119
72 35.1001
73 39.7453
74 35.9356
75 32.4509
76 30.8587
77 36.4461
78 30.0102
79 35.7204
80 33.642
81 33.3433
82 33.1213
83 34.1185
84 27.24
85 13.5302
86 15.9365
87 19.1122
88 18.4771
89 19.8205
90 18.8192
91 20.9069
92 19.531
93 18.7512
94 18.7381
95 18.2213
96 16.7202
97 16.1038
98 15.9112
99 15.9635
100 17.5446
101 17.5036
102 17.4448
103 19.5465
104 21.8524
105 25.6909
106 25.7268
107 24.7556
108 20.1273
109 24.7709
110 20.2748
111 19.7554
112 21.2939
113 21.319
114 22.023
115 23.2479
116 24.1044
117 23.0992
118 26.6837
119 28.9909
120 38.9638
