1 7.50462
2 9.36603
3 10.0069
4 8.44552
5 10.8373
6 14.7868
7 14.8962
8 14.9389
9 17.1659
10 18.5296
11 27.936
12 28.3407
13 35.3629
14 41.9158
15 36.5476
16 37.273
17 34.2345
18 41.0556
19 32.3081
20 35.0174
21 37.2891
22 33.3497
23 37.3328
24 30.3067
25 34.7565
26 32.0743
27 36.0753
28 34.8458
29 37.0935
30 36.2446
31 35.3852
32 38.1401
33 31.6241
34 32.4428
35 32.3476
36 31.3606
37 29.3781
38 28.4894
39 32.8718
40 29.6121
41 26.0754
42 29.4498
43 27.313
44 28.3688
45 33.4625
46 30.2953
47 31.0326
48 32.3771
49 30.63
50 26.1946
51 25.2526
52 25.2745
53 23.3801
54 28.6129
55 32.7661
56 29.7034
57 27.7688
58 29.7243
59 31.923
60 31.2607
61 22.9561
62 29.1269
63 29.8361
64 24.3547
65 23.8137
66 23.3856
67 30.9891
68 29.7099
69 28.1558
70 34.227
71 25.7938
72 32.8413
73 32.8414
74 25.8547
75 33.1425
76 31.3643
77 35.5007
78 30.2015
79 29.2757
80 32.0705
81 34.7149
82 34.7691
83 34.8705
84 31.9297
85 35.6324
86 35.4514
87 25.7793
88 29.2604
89 35.3321
90 32.1262
91 35.2513
92 31.145
93 33.4931
94 35.714
95 35.4834
96 31.9557
97 34.0036
98 34.7224
99 33.0047
100 34.3249
101 30.2472
102 33.0335
103 31.4866
104 29.5307
105 31.4193
106 34.9966
107 34.2702
108 30.3537
109 33.1656
110 33.3216
111 32.5312
112 29.347
113 33.2776
114 34.7895
115 31.5983
116 33.5135
117 32.6622
118 33.3231
119 34.0207
120 37.9494
