1 5.68905
2 5.54162
3 6.80492
4 7.37383
5 10.5656
6 11.263
7 12.3151
8 14.747
9 15.8759
10 17.0832
11 18.7806
12 18.6971
13 19.2601
14 19.9218
15 20.1863
16 22.5359
17 22.9228
18 22.1762
19 23.6364
20 24.195
21 27.629
22 27.9252
23 25.6121
24 26.193
25 25.0542
26 24.8612
27 25.0774
28 25.1474
29 26.7355
30 28.0313
31 33.3214
32 32.5706
33 30.7045
34 35.1882
35 32.2908
36 28.4117
37 22.3501
38 27.5304
39 32.3325
40 29.8461
41 21.8779
42 31.5437
43 23.8732
44 26.5648
45 32.1255
46 24.4056
47 26.8293
48 28.9593
49 30.1267
50 23.8037
51 24.2604
52 25.375
53 26.4678
54 25.6426
55 35.4093
56 28.4793
57 21.6006
58 26.8746
59 27.1418
60 27.0216
61 27.8937
62 32.2506
63 32.9816
64 20.9659
65 23.1109
66 28.8879
67 35.9417
68 27.9768
69 27.1531
70 30.4643
71 23.7289
72 34.7461
73 34.7589
74 32.8993
75 34.8199
76 31.2422
77 34.2308
78 31.8144
79 33.5918
80 30.2247
81 32.2438
82 30.251
83 31.1933
84 29.6396
85 29.3517
86 28.4379
87 25.2263
88 25.0252
89 33.6533
90 33.9782
91 34.4251
92 32.7496
93 31.9495
94 35.716
95 30.8041
96 29.1152
97 33.5381
98 32.782
99 36.2961
100 32.6876
101 30.6091
102 31.0335
103 30.7825
104 28.6869
105 30.4759
106 32.2985
107 32.6912
108 35.27
109 32.1322
110 33.4705
111 34.1306
112 33.1233
113 31.0641
114 28.8359
115 31.3562
116 29.0743
117 29.9003
118 29.4022
119 29.2619
120 53.4219
