1 12.0669
2 16.5059
3 17.9238
4 16.5923
5 16.2755
6 14.8799
7 18.2058
8 18.7371
9 20.8959
10 23.1969
11 25.2579
12 25.7942
13 28.4215
14 27.1262
15 23.8197
16 19.3318
17 20.9691
18 20.3282
19 17.4073
20 18.0964
21 18.8353
22 20.4575
23 22.1807
24 20.6782
25 21.7617
26 22.992
27 22.9142
28 23.4472
29 23.3813
30 23.8487
31 23.0901
32 22.9169
33 23.4565
34 22.2691
35 22.0739
36 23.9801
37 25.3792
38 24.1877
39 31.0445
40 28.2877
41 23.9231
42 28.6285
43 26.1986
44 32.0777
45 28.8025
46 31.4756
47 29.2082
48 27.6986
49 31.7743
50 31.528
51 33.9473
52 35.4922
53 34.9447
54 34.5889
55 26.2299
56 22.7357
57 22.3367
58 29.5735
59 23.7029
60 29.9886
61 24.646
62 21.9233
63 21.4804
64 20.2125
65 19.982
66 38.3246
67 21.7302
68 19.4374
69 19.4108
70 21.2671
71 23.0067
72 23.6953
73 21.931
74 28.9136
75 24.9005
76 28.4294
77 26.7845
78 26.1723
79 23.0029
80 27.4905
81 27.5957
82 29.3915
83 30.0024
84 29.8349
85 28.6619
86 23.733
87 24.0141
88 23.4243
89 24.8255
90 25.5456
91 26.1032
92 27.6053
93 27.9777
94 30.896
95 32.6616
96 32.1508
97 29.9751
98 31.0489
99 29.5325
100 28.6414
101 33.5934
102 32.8338
103 30.8874
104 31.9441
105 28.7735
106 31.1081
107 30.608
108 29.3034
109 31.6624
110 31.4808
111 29.6103
112 30.6734
113 28.954
114 30.6675
115 25.1506
116 32.8194
117 21.0737
118 26.7409
119 26.6945
120 51.963
