1 5.95181
2 7.06806
3 7.08999
4 8.38083
5 9.59019
6 12.3264
7 11.9208
8 14.0906
9 16.6988
10 21.4647
11 25.5126
12 26.8323
13 26.9059
14 27.7784
15 31.9993
16 39.0827
17 39.1822
18 37.0189
19 38.0574
20 36.7336
21 37.052
22 40.163
23 34.2809
24 36.8862
25 37.1864
26 36.4094
27 36.7606
28 38.0845
29 34.2782
30 32.1522
31 33.8663
32 41.8566
33 30.0523
34 31.8498
35 28.5437
36 31.343
37 32.519
38 26.9075
39 26.998
40 27.6009
41 27.5026
42 29.6303
43 34.1352
44 37.2202
45 26.8879
46 27.7584
47 33.57
48 32.0299
49 31.2744
50 29.937
51 32.8989
52 30.8533
53 24.8318
54 31.2496
55 25.6959
56 32.7011
57 28.4995
58 29.1782
59 36.6893
60 29.0661
61 31.1017
62 31.8658
63 26.998
64 28.2306
65 24.8117
66 30.1407
67 34.5043
68 30.7704
69 21.9744
70 33.3259
71 33.5964
72 33.2782
73 30.8415
74 27.3878
75 30.7606
76 29.2655
77 33.3072
78 33.1074
79 35.697
80 33.3786
81 35.055
82 26.7742
83 29.4892
84 34.0839
85 34.7968
86 32.2745
87 36.3684
88 34.0032
89 34.6391
90 38.3456
91 35.3999
92 31.0734
93 31.633
94 31.6109
95 33.0668
96 35.3146
97 34.488
98 32.7379
99 32.9305
100 32.1813
101 31.254
102 25.6171
103 27.5969
104 32.861
105 34.833
106 31.2641
107 33.776
108 33.7676
109 30.6382
110 34.1691
111 33.1919
112 32.8395
113 30.5689
114 33.5742
115 31.7602
116 32.4976
117 30.4757
118 33.1218
119 26.9654
120 41.4158
