1 6.48918
2 8.13868
3 9.20391
4 8.55972
5 8.52901
6 8.86117
7 9.91261
8 11.3831
9 12.7719
10 13.8212
11 14.6419
12 14.5342
13 15.2232
14 16.0592
15 17.0588
16 17.2293
17 18.2736
18 24.334
19 28.3645
20 27.5208
21 28.0503
22 28.7704
23 25.9998
24 25.3524
25 24.2116
26 25.4962
27 25.2173
28 30.9806
29 30.2819
30 30.1103
31 30.8423
32 33.0211
33 29.1327
34 32.1996
35 35.1272
36 33.2357
37 34.5416
38 24.519
39 35.5306
40 31.4204
41 43.6782
42 33.7816
43 30.3063
44 28.2253
45 24.7607
46 28.407
47 28.07
48 31.6301
49 32.1665
50 31.9737
51 32.8124
52 32.1032
53 29.5402
54 28.4979
55 29.7573
56 27.1434
57 31.7101
58 25.1469
59 27.8746
60 27.3872
61 24.2053
62 32.7176
63 27.5609
64 35.0842
65 35.6097
66 27.8119
67 26.1488
68 37.4426
69 29.6158
70 37.9945
71 35.0939
72 34.8635
73 33.0511
74 33.2799
75 38.84
76 30.6786
77 35.7303
78 36.3909
79 33.71
80 33.9793
81 32.8971
82 36.3039
83 33.5874
84 35.4256
85 36.4433
86 39.3134
87 38.1514
88 34.0024
89 32.8829
90 37.339
91 37.6502
92 36.3816
93 29.8238
94 32.7777
95 35.8644
96 35.301
97 34.2836
98 39.3512
99 32.7193
100 35.7632
101 35.5697
102 37.5409
103 34.177
104 35.3938
105 34.9405
106 34.1212
107 30.3495
108 20.8907
109 33.7315
110 43.4921
111 44.1098
112 37.12
113 28.1774
114 22.1835
115 29.2956
116 28.5554
117 27.7146
118 24.392
119 25.9338
120 33.7662
