1 1.19316
2 1.37338
3 1.39643
4 1.26813
5 1.94008
6 1.93954
7 1.85791
8 1.83868
9 1.83867
10 1.90807
11 2.20165
12 1.9071
13 1.93004
14 1.92797
15 1.92808
16 1.91819
17 1.90445
18 1.95315
19 1.92479
20 2.3148
21 2.02108
22 2.04234
23 2.03183
24 1.99644
25 2.06624
26 2.04405
27 2.03234
28 2.03053
29 2.73541
30 3.32692
31 4.01835
32 3.27923
33 3.16787
34 3.55144
35 3.44938
36 3.31459
37 3.59416
38 4.24406
39 5.33518
40 4.72193
41 5.41005
42 8.45499
43 13.5604
44 11.3385
45 13.5058
46 18.9732
47 18.6215
48 18.3266
49 18.2299
50 18.6913
51 18.9831
52 17.9702
53 17.7668
54 19.2904
55 23.7889
56 28.6156
57 33.4719
58 29.7801
59 27.8259
60 28.3397
61 28.6425
62 30.1944
63 30.1705
64 35.1672
65 34.3594
66 34.2488
67 36.4155
68 46.734
69 46.0613
70 48.4243
71 46.4863
72 44.8515
73 44.4272
74 45.6565
75 44.7984
76 46.1217
77 46.378
78 46.2746
79 45.2902
80 47.8246
81 48.5827
82 52.2205
83 50.9052
84 51.2613
85 51.5079
86 51.0432
87 51.1049
88 51.4279
89 54.8115
90 56.4477
91 61.7153
92 66.5783
93 68.8693
94 69.6125
95 72.4666
96 76.9169
97 73.7432
98 79.831
99 77.5963
100 82.7281
101 84.2952
102 85.9347
103 87.1595
104 89.6925
105 93.7279
106 101.1
107 99.3468
108 103.658
109 114.94
110 104.048
111 108.763
112 110.79
113 108.168
114 103.852
115 95.11
116 104.381
117 109.885
118 123.17
119 135.557
120 141.542
