1 0.943763
2 0.896849
3 0.862591
4 0.908048
5 1.33999
6 2.13126
7 2.64317
8 2.12313
9 2.17992
10 2.52053
11 2.29412
12 2.24861
13 2.70118
14 2.44016
15 2.28153
16 2.42883
17 2.95994
18 2.60963
19 2.46228
20 2.48675
21 2.45081
22 2.49621
23 2.50822
24 2.48595
25 2.43956
26 2.75687
27 2.74567
28 2.61084
29 2.98011
30 3.93382
31 3.56578
32 3.47081
33 3.78835
34 4.39082
35 3.8234
36 3.86649
37 4.36578
38 4.03015
39 4.15588
40 4.59868
41 5.65347
42 4.92943
43 4.71177
44 4.83711
45 4.84818
46 4.9222
47 5.80655
48 6.77705
49 5.51797
50 5.68479
51 6.11403
52 7.35359
53 6.9714
54 6.54731
55 6.52211
56 7.66006
57 8.97012
58 7.58332
59 7.57292
60 7.61711
61 7.18581
62 7.19279
63 8.54214
64 8.43466
65 10.042
66 11.5854
67 11.2996
68 11.2218
69 11.468
70 11.4042
71 12.4591
72 13.2948
73 12.8062
74 12.5295
75 12.6173
76 13.051
77 12.7627
78 13.091
79 15.3043
80 17.505
81 15.4276
82 16.073
83 15.3281
84 14.9431
85 14.2084
86 14.7058
87 14.4506
88 15.2862
89 16.0825
90 16.16
91 15.5931
92 15.8241
93 17.0542
94 16.5533
95 16.5239
96 18.2159
97 18.6014
98 18.7453
99 21.975
100 24.5796
101 22.9275
102 23.076
103 23.8777
104 24.4517
105 25.0023
106 25.3863
107 25.8807
108 27.4467
109 25.7267
110 25.9538
111 25.6856
112 25.7679
113 28.3352
114 27.9805
115 26.2834
116 27.6054
117 27.3175
118 27.5139
119 24.5773
120 25.427
