1 1.04265
2 0.930665
3 0.930664
4 0.953635
5 0.488031
6 0.488238
7 0.691466
8 1.30564
9 0.963916
10 1.01024
11 1.00896
12 0.987601
13 0.987209
14 1.42617
15 1.05571
16 1.0329
17 1.06732
18 1.07852
19 1.57738
20 1.21452
21 1.07818
22 1.14616
23 1.06708
24 1.85365
25 1.62287
26 1.6336
27 1.88257
28 1.88425
29 1.7242
30 1.73061
31 2.11073
32 1.8503
33 1.7831
34 2.13292
35 2.84968
36 3.04205
37 2.74725
38 2.65387
39 3.08074
40 2.9064
41 2.70241
42 1.97547
43 2.19067
44 2.4953
45 2.27051
46 2.31622
47 2.54345
48 2.39518
49 2.35826
50 2.50828
51 2.64322
52 2.64364
53 3.64543
54 5.56966
55 6.36733
56 5.22818
57 5.3152
58 5.51605
59 6.7906
60 6.47005
61 6.13813
62 6.13351
63 6.02863
64 6.49235
65 7.36457
66 8.69795
67 7.61769
68 10.263
69 10.3814
70 12.6964
71 18.512
72 17.3359
73 17.2371
74 18.5833
75 20.6637
76 21.2916
77 26.278
78 27.4857
79 27.7765
80 30.1121
81 30.3535
82 29.2778
83 30.2303
84 34.3369
85 34.2758
86 34.3419
87 40.5153
88 38.6422
89 40.7356
90 38.2837
91 38.6151
92 41.4112
93 44.7714
94 47.2945
95 49.7368
96 52.6723
97 53.1258
98 54.3488
99 58.55
100 58.1951
101 58.791
102 59.1791
103 57.1815
104 59.8101
105 63.479
106 68.1349
107 67.6355
108 65.4833
109 66.9157
110 66.9561
111 68.5983
112 68.5489
113 70.3717
114 74.6603
115 79.0248
116 79.3232
117 79.3222
118 83.6579
119 80.7328
120 80.1474
