1 0.928285
2 0.871071
3 0.840302
4 0.827745
5 1.53204
6 2.29195
7 3.20179
8 2.53203
9 2.41565
10 2.06584
11 2.28077
12 2.39368
13 2.33893
14 2.2802
15 2.38348
16 2.33805
17 2.30391
18 2.33861
19 2.31264
20 2.24589
21 2.38291
22 2.57639
23 2.46336
24 2.44902
25 2.41625
26 2.4526
27 2.49808
28 2.61171
29 3.42558
30 4.47623
31 3.75892
32 3.75619
33 3.92744
34 4.71651
35 5.12962
36 4.45831
37 4.47499
38 4.47366
39 4.34658
40 4.46157
41 4.43724
42 4.62328
43 5.85622
44 5.17159
45 6.00542
46 5.4675
47 5.54833
48 5.80859
49 5.82969
50 6.10795
51 8.51021
52 13.0099
53 11.159
54 11.2516
55 11.6582
56 11.1921
57 11.5194
58 11.4273
59 10.9396
60 10.8959
61 11.2395
62 11.8505
63 10.9094
64 13.3609
65 15.1178
66 15.1846
67 16.9182
68 17.2173
69 21.8793
70 20.715
71 20.7621
72 20.9611
73 21.1157
74 20.7459
75 23.0853
76 23.8329
77 23.278
78 25.7512
79 25.1211
80 25.4751
81 25.4343
82 26.0621
83 25.0218
84 25.2354
85 25.7185
86 25.4595
87 25.3175
88 24.5717
89 24.9568
90 23.5834
91 24.5789
92 25.1937
93 25.0709
94 24.2128
95 25.0399
96 22.9849
97 23.9651
98 25.7537
99 25.4457
100 27.2472
101 27.849
102 26.8325
103 27.2458
104 28.2055
105 31.8623
106 31.6913
107 33.9342
108 34.2008
109 35.2323
110 33.7661
111 35.6865
112 35.3936
113 36.0787
114 47.5394
115 45.3923
116 45.4191
117 43.6742
118 47.7422
119 50.7343
120 52.2769
