1 16.6496
2 16.1854
3 15.8014
4 13.0647
5 12.1575
6 13.7489
7 15.7712
8 15.0398
9 14.2314
10 13.9363
11 13.9111
12 18.5652
13 23.1775
14 26.6358
15 38.573
16 40.7588
17 42.0115
18 53.6872
19 46.7983
20 50.5181
21 46.7824
22 51.3774
23 52.32
24 53.6083
25 50.0072
26 48.7127
27 50.0815
28 39.6853
29 61.0474
30 63.8969
31 46.9133
32 51.2414
33 54.7868
34 55.3235
35 57.9473
36 48.0468
37 53.5554
38 48.5612
39 51.4916
40 49.8074
41 49.9857
42 51.8462
43 55.5096
44 65.6721
45 45.7809
46 40.4516
47 53.6237
48 46.3604
49 41.6571
50 36.7899
51 39.2949
52 51.0593
53 55.7453
54 45.6619
55 37.855
56 45.2361
57 37.7241
58 33.6379
59 32.2403
60 37.121
61 37.2197
62 32.1863
63 33.0849
64 33.8855
65 33.1952
66 30.9767
67 34.7661
68 29.5167
69 29.1613
70 33.2603
71 26.0546
72 28.7765
73 31.9268
74 25.4469
75 29.1129
76 28.4499
77 28.6017
78 25.9805
79 24.9131
80 25.6318
81 24.1325
82 27.5045
83 26.1098
84 23.7118
85 24.9009
86 22.992
87 21.7082
88 21.0581
89 19.4786
90 23.4037
91 21.2184
92 24.2815
93 19.5982
94 16.6309
95 20.3495
96 18.2219
97 17.5011
98 20.6866
99 20.7069
100 23.0395
101 19.5669
102 20.7326
103 22.8742
104 20.5699
105 19.8485
106 19.8956
107 23.3076
108 22.4376
109 20.8773
110 21.819
111 22.1203
112 21.5877
113 23.2451
114 21.5209
115 25.0658
116 22.9645
117 22.7314
118 22.7886
119 22.2948
120 32.2739
