1 6.26272
2 6.54884
3 6.47317
4 6.12812
5 6.40788
6 8.19347
7 9.31576
8 9.65252
9 9.43149
10 9.98215
11 10.4857
12 10.8728
13 10.6652
14 14.6569
15 17.3321
16 17.162
17 16.5117
18 16.6374
19 16.3078
20 13.3191
21 13.4817
22 18.4981
23 20.0355
24 22.5488
25 26.392
26 27.3054
27 28.4185
28 34.4708
29 34.5622
30 34.304
31 33.2063
32 31.7928
33 31.5147
34 30.8556
35 30.7565
36 32.2525
37 32.99
38 32.3549
39 36.5487
40 32.2022
41 31.133
42 28.1796
43 26.324
44 28.2196
45 25.9473
46 26.3498
47 27.272
48 27.8234
49 27.0895
50 25.4613
51 27.9233
52 28.1198
53 29.3928
54 26.9106
55 25.7051
56 27.8815
57 22.0656
58 26.3745
59 26.3998
60 25.9346
61 27.8375
62 26.1066
63 27.6521
64 25.6345
65 27.0772
66 28.9029
67 24.5844
68 27.2921
69 27.6189
70 26.923
71 27.2433
72 27.2297
73 24.4385
74 24.8027
75 25.4324
76 20.2453
77 22.7937
78 24.3914
79 22.9103
80 20.6758
81 24.4615
82 22.4565
83 25.3912
84 24.639
85 23.7873
86 24.266
87 22.581
88 23.4058
89 24.4065
90 22.5349
91 20.8861
92 24.1318
93 21.4124
94 21.3461
95 18.0923
96 23.6938
97 21.6489
98 23.0409
99 26.42
100 22.7674
101 20.7509
102 19.3668
103 20.2562
104 22.4603
105 22.4866
106 23.2557
107 22.6298
108 19.593
109 21.0492
110 22.5898
111 23.0988
112 24.1242
113 23.941
114 23.229
115 20.4966
116 22.8547
117 20.7266
118 23.0711
119 22.2795
120 35.5117
