1 8.0534
2 8.7453
3 8.63515
4 9.19182
5 9.17788
6 8.26507
7 9.43529
8 10.1439
9 10.4435
10 10.4757
11 10.4454
12 11.3451
13 13.4232
14 14.0841
15 17.6721
16 19.0062
17 20.9654
18 21.5272
19 21.8059
20 26.3402
21 30.0869
22 31.7835
23 33.9612
24 38.1026
25 40.8082
26 43.1212
27 43.1455
28 38.0982
29 32.7317
30 36.9028
31 36.6037
32 38.0379
33 35.2961
34 43.0588
35 30.9894
36 26.3719
37 29.5141
38 32.3423
39 29.098
40 29.7224
41 33.2093
42 25.8086
43 27.2963
44 30.7172
45 27.1054
46 26.4278
47 26.7928
48 22.9578
49 25.8327
50 22.124
51 22.1174
52 22.0797
53 24.1185
54 25.1078
55 23.9222
56 23.7103
57 24.5828
58 26.5568
59 23.1291
60 23.8036
61 23.9349
62 25.0227
63 27.1005
64 22.0956
65 21.8607
66 21.8963
67 20.9315
68 24.9509
69 21.7207
70 23.5711
71 18.887
72 23.9641
73 20.1982
74 19.0709
75 20.8484
76 24.7093
77 24.8878
78 24.6741
79 25.0057
80 28.2362
81 27.5703
82 25.0713
83 19.3321
84 26.8419
85 24.3111
86 26.3678
87 25.2341
88 21.5383
89 25.1241
90 21.2872
91 22.4449
92 24.3188
93 25.3554
94 25.3584
95 22.5153
96 24.5315
97 22.5624
98 21.3832
99 21.1959
100 22.1333
101 22.8225
102 22.1796
103 21.6909
104 22.4249
105 22.5841
106 22.0317
107 19.2752
108 24.773
109 22.4835
110 22.0658
111 19.0125
112 22.0708
113 25.7396
114 23.5468
115 22.7311
116 23.7715
117 22.0025
118 22.3818
119 21.218
120 40.7004
