1 2.06623
2 2.60339
3 3.36654
4 3.83939
5 4.01898
6 5.46741
7 6.29145
8 6.35844
9 6.01848
10 5.73531
11 7.94574
12 8.39099
13 8.64943
14 9.59927
15 12.6863
16 13.5995
17 14.3105
18 14.4312
19 12.5269
20 12.8269
21 14.335
22 19.7335
23 19.8136
24 22.3038
25 23.2414
26 22.8337
27 22.0734
28 25.0973
29 27.5976
30 28.1637
31 30.3725
32 29.0832
33 30.8795
34 30.9198
35 28.72
36 34.1565
37 33.9247
38 31.1203
39 35.03
40 32.3083
41 30.5181
42 26.2684
43 28.0799
44 27.0767
45 24.6676
46 27.1664
47 27.0408
48 28.3766
49 26.539
50 29.5957
51 27.2498
52 27.6417
53 26.8558
54 25.4597
55 26.9618
56 25.5014
57 19.6413
58 24.9289
59 25.3959
60 23.6118
61 25.6597
62 25.3665
63 25.2563
64 26.4122
65 28.756
66 29.2187
67 23.0095
68 24.1295
69 28.6274
70 27.0931
71 28.1828
72 26.3183
73 23.8502
74 23.0118
75 23.8925
76 23.9705
77 25.0894
78 22.9634
79 26.1391
80 22.5349
81 24.8829
82 22.5488
83 27.2178
84 23.0965
85 23.127
86 23.2595
87 22.3468
88 24.4881
89 24.0594
90 21.806
91 23.2552
92 25.758
93 22.0521
94 22.0231
95 20.2028
96 25.702
97 23.9649
98 25.0737
99 23.3493
100 21.8364
101 17.4826
102 18.7754
103 21.2766
104 23.9138
105 20.568
106 22.6797
107 21.4829
108 20.4823
109 20.2087
110 21.8055
111 21.2064
112 20.0654
113 22.0529
114 22.7633
115 22.6591
116 24.9215
117 19.6011
118 22.4804
119 23.8721
120 38.5622
