1 4.02138
2 5.02072
3 5.59676
4 6.74947
5 7.8183
6 8.18555
7 7.75912
8 7.59528
9 8.73749
10 8.32529
11 8.47749
12 8.71788
13 8.36443
14 8.42114
15 9.34861
16 8.91716
17 8.80825
18 9.82027
19 12.2537
20 14.3869
21 14.162
22 14.1118
23 15.393
24 12.2441
25 11.4016
26 12.6569
27 12.9879
28 14.0506
29 14.2655
30 15.1118
31 14.8503
32 15.1828
33 15.2996
34 15.9139
35 15.3629
36 17.0646
37 17.3736
38 17.7533
39 18.9025
40 20.5595
41 19.5849
42 15.5423
43 13.3223
44 13.6263
45 14.3673
46 13.9701
47 13.9297
48 14.3741
49 14.81
50 15.7889
51 16.0087
52 15.893
53 14.8292
54 13.0255
55 12.6221
56 14.9224
57 14.8519
58 14.6094
59 12.7211
60 12.0038
61 13.184
62 13.4103
63 15.233
64 17.5703
65 18.0144
66 18.0782
67 16.4239
68 15.4797
69 15.6748
70 14.9791
71 14.1906
72 14.6371
73 15.6159
74 22.6186
75 27.0688
76 21.4875
77 25.0022
78 25.3133
79 25.0726
80 23.592
81 20.8999
82 26.0926
83 21.0633
84 25.3025
85 23.9046
86 23.0363
87 26.6684
88 22.2336
89 24.2142
90 24.6414
91 19.0793
92 18.4776
93 19.3184
94 20.5441
95 20.4927
96 20.3197
97 21.8249
98 20.6813
99 24.5188
100 21.4262
101 18.5314
102 21.2397
103 19.8875
104 24.4866
105 21.1568
106 17.1921
107 17.5381
108 19.7135
109 20.1205
110 20.0596
111 20.2632
112 21.4161
113 19.9094
114 22.567
115 22.591
116 22.0068
117 19.9534
118 19.5075
119 20.6215
120 35.3931
