1 8.64279
2 9.58661
3 9.26116
4 9.35427
5 9.39465
6 9.6721
7 12.4503
8 12.0211
9 9.46772
10 9.69977
11 9.909
12 9.17615
13 8.65817
14 9.0272
15 8.86924
16 8.56843
17 9.64341
18 11.2818
19 10.6752
20 9.80871
21 10.1499
22 9.89521
23 10.9509
24 11.688
25 12.6511
26 12.7505
27 13.6579
28 16.5151
29 16.8131
30 15.7687
31 17.8956
32 18.9366
33 16.8679
34 18.1348
35 26.1398
36 25.6131
37 30.1104
38 32.6731
39 29.1928
40 32.4013
41 36.672
42 27.033
43 27.3191
44 30.9633
45 29.6321
46 24.7649
47 24.4999
48 20.8642
49 27.267
50 22.6453
51 25.0305
52 22.8966
53 26.2355
54 25.2789
55 25.0396
56 24.0245
57 26.5966
58 22.7605
59 23.6408
60 25.4406
61 25.7738
62 24.8243
63 26.6043
64 21.886
65 16.9546
66 20.8977
67 23.1432
68 22.7629
69 20.6258
70 17.8868
71 19.6051
72 22.3682
73 19.2939
74 19.6411
75 23.3376
76 25.6843
77 24.265
78 24.3891
79 24.8005
80 27.6913
81 25.9856
82 27.8135
83 21.0062
84 24.9536
85 23.485
86 23.292
87 23.382
88 26.0634
89 24.0027
90 25.2972
91 27.5715
92 24.065
93 26.1668
94 24.2766
95 21.6933
96 24.3145
97 20.598
98 25.6296
99 20.8829
100 22.9278
101 25.1862
102 22.123
103 23.1326
104 21.4578
105 20.5081
106 21.9178
107 19.5159
108 20.7718
109 20.6927
110 22.2847
111 22.4336
112 21.5397
113 22.8653
114 22.2883
115 23.7666
116 23.4067
117 19.721
118 21.298
119 20.8982
120 36.9516
