1 1.87467
2 1.82774
3 2.32437
4 3.07239
5 3.70028
6 4.61646
7 5.00362
8 4.67769
9 6.37665
10 6.65506
11 7.46793
12 7.82778
13 7.08388
14 6.81463
15 6.98967
16 7.38384
17 8.00438
18 8.11454
19 7.68227
20 7.82182
21 5.7378
22 5.76416
23 7.59356
24 7.91465
25 8.7004
26 8.65848
27 9.78299
28 11.2256
29 13.5025
30 13.7214
31 13.2481
32 17.4495
33 19.1611
34 19.6963
35 19.7938
36 19.2524
37 19.7726
38 22.7642
39 24.9763
40 27.421
41 26.7473
42 25.6526
43 29.9001
44 35.3039
45 39.8657
46 33.4235
47 33.4388
48 31.1623
49 31.348
50 38.9365
51 28.4707
52 35.8186
53 28.5905
54 33.3405
55 30.7458
56 32.4554
57 24.0682
58 27.07
59 26.3034
60 26.5292
61 26.8382
62 27.6627
63 23.3441
64 23.7527
65 21.4496
66 26.2145
67 26.2511
68 25.2184
69 24.3573
70 25.6171
71 19.1206
72 20.9988
73 23.125
74 25.0045
75 23.4174
76 26.1005
77 23.0831
78 23.9449
79 23.2966
80 23.8671
81 23.5941
82 19.6811
83 23.9443
84 23.0354
85 24.08
86 24.8884
87 25.649
88 22.2271
89 22.0349
90 20.9059
91 18.5852
92 19.0965
93 20.8966
94 22.0925
95 21.0365
96 19.3736
97 22.5845
98 20.8874
99 19.6294
100 22.8025
101 20.4218
102 20.8776
103 21.7929
104 22.5861
105 21.5344
106 20.5556
107 18.8187
108 19.675
109 20.7457
110 21.8038
111 16.6304
112 20.7217
113 16.8561
114 18.2304
115 18.9096
116 19.5056
117 19.353
118 21.9543
119 24.0717
120 36.9515
