1 8.93419
2 13.6365
3 18.9265
4 19.7137
5 24.8273
6 29.7425
7 36.3656
8 45.9777
9 55.1624
10 77.5113
11 80.133
12 83.3168
13 85.445
14 69.5033
15 97.2639
16 104.982
17 110.325
18 119.476
19 121.674
20 132.034
21 158.973
22 198.654
23 181.576
24 184.249
25 195.274
26 184.113
27 189.807
28 188.763
29 193.028
30 208.356
31 202.875
32 219.79
33 215.44
34 209.705
35 214.92
36 210.695
37 211.473
38 209.858
39 214.606
40 222.801
41 213.775
42 192.605
43 226.865
44 210.476
45 220.478
46 201.079
47 198.228
48 207.352
49 201.556
50 201.325
51 205.063
52 206.295
53 214.056
54 195.755
55 192.155
56 200.398
57 217.263
58 203.193
59 208.378
60 209.618
61 209.059
62 203.186
63 201.506
64 185.783
65 209.337
66 202.527
67 196.217
68 196.902
69 194.204
70 195.626
71 180.839
72 199.224
73 189.755
74 182.108
75 179.658
76 177.276
77 167.935
78 173.714
79 172.924
80 175.511
81 176.856
82 167.919
83 180.918
84 178.767
85 183.867
86 192.675
87 182.226
88 175.612
89 191.08
90 192.562
91 197.381
92 177.302
93 176.782
94 181.296
95 196.663
96 214.992
97 199.206
98 212.282
99 189.696
100 186.448
101 180.93
102 198.068
103 178.755
104 186.885
105 195.72
106 188.35
107 192.336
108 193.359
109 205.641
110 191.24
111 199.4
112 187.618
113 204.822
114 196
115 184.087
116 182.671
117 181.443
118 197.718
119 199.891
120 225.164
