1 4.82444
2 6.14762
3 8.74468
4 12.6842
5 15.3684
6 17.2015
7 19.1431
8 23.3666
9 28.8773
10 37.5198
11 42.0452
12 56.0238
13 57.2357
14 55.3169
15 44.8532
16 42.0198
17 48.1766
18 60.3704
19 75.6416
20 69.9585
21 84.684
22 88.1504
23 123.516
24 144.265
25 161.075
26 151.712
27 164.615
28 170.985
29 175.39
30 185.305
31 180.465
32 170.7
33 179.088
34 167.863
35 164.666
36 143.832
37 148.262
38 160.889
39 177.103
40 173.28
41 160.72
42 169.332
43 165.455
44 168.463
45 182.873
46 199.423
47 197.978
48 205.234
49 204.102
50 199.141
51 204.154
52 194.02
53 196.142
54 191.188
55 206.078
56 194.334
57 227.943
58 193.479
59 191.095
60 212.211
61 171.307
62 147.04
63 152.353
64 167.58
65 168.792
66 179.004
67 190.535
68 202.94
69 199.829
70 185.814
71 210.454
72 208.118
73 173.275
74 179.591
75 174.051
76 185.747
77 186.83
78 169.768
79 153.446
80 185.344
81 203.245
82 186.573
83 204.544
84 187.928
85 184.708
86 177.52
87 191.439
88 184.74
89 231.656
90 242.119
91 177.465
92 184.657
93 193.598
94 188.306
95 180.244
96 181.08
97 167.602
98 173.338
99 156.231
100 181.682
101 188.978
102 167.238
103 154.975
104 177.558
105 171.899
106 167.516
107 160.549
108 145.472
109 156.31
110 168.195
111 185.835
112 178.889
113 163.67
114 179.816
115 183.091
116 184.238
117 166.288
118 169.771
119 161.582
120 213.667
