1 3.42437
2 4.81224
3 6.19799
4 10.1401
5 15.603
6 17.9693
7 19.3504
8 24.0781
9 30.4761
10 40.4134
11 47.4809
12 56.4019
13 64.1352
14 73.7634
15 107.161
16 186.536
17 198.08
18 193.78
19 190.929
20 193.909
21 199.366
22 202.224
23 209.379
24 202.454
25 218.268
26 228.592
27 212.608
28 223.941
29 206.451
30 224.331
31 224.221
32 209.463
33 212.151
34 204.303
35 204.808
36 200.19
37 187.868
38 195.175
39 187.934
40 192.349
41 217.21
42 196.785
43 201.056
44 215.991
45 181.808
46 196.297
47 179.604
48 197.813
49 278.809
50 203.933
51 191.316
52 206.374
53 187.856
54 197.213
55 187.677
56 191.816
57 197.624
58 292.189
59 238.467
60 204.816
61 194.363
62 193.686
63 172.423
64 185.884
65 187.403
66 196.869
67 173.105
68 191.337
69 192.856
70 191.656
71 180.493
72 215.089
73 206.549
74 203.594
75 201.203
76 187.618
77 196.017
78 184.923
79 176.929
80 179.793
81 197.907
82 176.724
83 188.588
84 182.827
85 195.687
86 191.342
87 186.606
88 192.076
89 204.864
90 190.981
91 191.105
92 195.664
93 203.36
94 189.053
95 210.927
96 208.668
97 202.714
98 183.606
99 206.216
100 211.406
101 193.939
102 187.625
103 172.557
104 185.569
105 154.025
106 195.251
107 177.057
108 195.791
109 181.87
110 194.58
111 168.762
112 187.343
113 186.122
114 197.271
115 189.322
116 189.454
117 172.728
118 203.775
119 206.649
120 223.411
