1 6.47262
2 12.1511
3 16.3722
4 28.0304
5 35.4869
6 46.2569
7 55.0521
8 49.6331
9 61.1146
10 67.1235
11 83.5332
12 91.7111
13 94.2331
14 113.897
15 125.656
16 129.117
17 144.301
18 125.45
19 136.517
20 151.296
21 152.187
22 163.555
23 162.129
24 134.861
25 143.449
26 166.868
27 144.303
28 150.574
29 183.777
30 189.58
31 195.562
32 183.736
33 168.367
34 145.277
35 163.697
36 171.23
37 152.122
38 126.996
39 129.481
40 138.635
41 164.469
42 159.424
43 186.751
44 152.006
45 144.741
46 143.287
47 164.674
48 169.799
49 179.222
50 187.931
51 188.679
52 192.96
53 168.4
54 173.452
55 168.092
56 178.944
57 182.809
58 196.297
59 190.034
60 197.733
61 203.558
62 187.383
63 199.81
64 215.341
65 213.354
66 200.796
67 200.392
68 191.53
69 207.715
70 202.914
71 196.465
72 210.468
73 195.336
74 185.863
75 190.736
76 198.888
77 204.073
78 195.66
79 205.956
80 203.633
81 192.505
82 192.277
83 199.988
84 220.962
85 206.686
86 198.719
87 192.66
88 202.967
89 202.42
90 188.315
91 184.093
92 173.93
93 186.101
94 184.584
95 181.043
96 153.05
97 141.061
98 166.085
99 185.861
100 192.328
101 192.502
102 195.711
103 204.584
104 178.097
105 205.459
106 192.55
107 197.078
108 217.983
109 190.807
110 193.453
111 191.897
112 193.461
113 191.629
114 178.194
115 175.761
116 177.815
117 174.546
118 189.434
119 192.418
120 197.954
