1 6.17814
2 6.5842
3 6.5935
4 7.13223
5 8.61295
6 9.58593
7 13.962
8 16.0255
9 18.6921
10 18.2228
11 19.2735
12 18.3603
13 21.6738
14 25.1761
15 27.4282
16 28.9822
17 28.6983
18 29.4468
19 31.2285
20 29.8018
21 30.892
22 29.3869
23 30.6428
24 31.4885
25 31.1277
26 30.6229
27 31.6334
28 32.0843
29 29.0431
30 29.7685
31 28.4691
32 27.2708
33 26.6613
34 26.3664
35 24.7437
36 24.0859
37 22.6913
38 23.5731
39 20.8594
40 22.7879
41 29.0491
42 31.3562
43 36.1194
44 34.8576
45 32.2325
46 34.3668
47 39.7788
48 45.8743
49 38.3599
50 39.7319
51 42.3187
52 41.547
53 44.059
54 35.42
55 35.8145
56 36.0503
57 34.5648
58 35.7294
59 36.9384
60 43.2409
61 29.0312
62 37.3494
63 37.8747
64 38.511
65 46.0162
66 40.3915
67 44.3819
68 42.6838
69 40.0938
70 43.5195
71 44.8018
72 39.0887
73 40.1058
74 42.451
75 42.4506
76 34.4937
77 42.0035
78 42.2811
79 40.6554
80 39.6403
81 28.7765
82 42.0527
83 37.9522
84 37.1522
85 38.4193
86 35.4415
87 37.8187
88 38.9436
89 36.9982
90 33.4917
91 37.4481
92 37.7338
93 36.5599
94 33.1041
95 38.4754
96 40.8253
97 40.1349
98 37.9077
99 29.8914
100 33.5399
101 38.4037
102 36.9555
103 37.9823
104 36.1927
105 36.6899
106 36.3618
107 37.2465
108 37.1071
109 38.6613
110 36.584
111 37.0114
112 41.5467
113 39.2117
114 36.1025
115 39.5557
116 34.1661
117 37.6933
118 36.4246
119 40.0135
120 61.2529
