1 5.50766
2 6.29113
3 6.3026
4 7.33999
5 9.48756
6 10.5062
7 12.8547
8 12.7421
9 16.9154
10 19.4828
11 19.7129
12 24.9422
13 28.4585
14 27.0028
15 29.1509
16 38.4933
17 46.1866
18 46.2097
19 49.2124
20 41.8723
21 41.4518
22 44.2671
23 43.5702
24 43.7036
25 38.208
26 41.4276
27 39.9551
28 42.0755
29 47.3427
30 41.4377
31 36.2026
32 36.0546
33 36.1236
34 36.1272
35 35.7911
36 36.1169
37 35.3127
38 32.4764
39 32.3581
40 36.6878
41 36.5977
42 35.6094
43 35.4907
44 49.4934
45 45.7523
46 36.201
47 32.4198
48 27.4
49 40.048
50 48.3783
51 41.1288
52 31.8067
53 29.2572
54 33.8892
55 33.3003
56 37.447
57 36.6296
58 48.8672
59 35.3431
60 32.7345
61 35.1237
62 32.4243
63 32.9636
64 33.3122
65 25.1917
66 28.8597
67 33.0037
68 39.1276
69 37.8153
70 34.7354
71 30.6214
72 38.708
73 39.4863
74 36.9796
75 38.6299
76 35.7454
77 37.3052
78 37.7647
79 33.6128
80 35.59
81 36.645
82 38.645
83 42.9808
84 42.7132
85 37.3875
86 40.7342
87 42.0371
88 33.9143
89 34.9581
90 41.2055
91 36.3652
92 38.273
93 31.1551
94 38.1956
95 36.7182
96 32.2471
97 34.6804
98 35.3534
99 36.7737
100 33.0881
101 35.8141
102 32.716
103 31.4692
104 34.2797
105 29.6944
106 32.8757
107 25.7786
108 32.5542
109 27.5801
110 28.3405
111 35.2301
112 32.2803
113 33.9968
114 34.5354
115 33.7734
116 33.8792
117 32.755
118 33.246
119 33.5384
120 39.9192
