1 10.2472
2 12.8823
3 13.1677
4 14.9288
5 16.0518
6 19.0728
7 20.5256
8 23.3716
9 35.4609
10 57.3216
11 61.9363
12 60.3657
13 67.3511
14 72.8281
15 65.3517
16 61.7231
17 68.0619
18 75.5774
19 77.2328
20 82.9257
21 75.9783
22 87.5878
23 84.9997
24 92.5144
25 91.905
26 78.7192
27 87.3767
28 89.8951
29 79.8675
30 84.7942
31 80.6722
32 78.6989
33 67.2697
34 73.9312
35 71.8373
36 64.178
37 64.1708
38 51.8431
39 44.6579
40 51.3427
41 44.2517
42 63.7673
43 52.2912
44 49.6029
45 44.7559
46 36.6189
47 42.5078
48 37.4243
49 36.4315
50 35.0635
51 41.3733
52 39.6194
53 35.7697
54 34.397
55 38.0398
56 29.7389
57 38.5842
58 34.0765
59 31.1514
60 29.3154
61 32.5656
62 30.0599
63 33.7189
64 38.1309
65 22.7471
66 36.3812
67 36.9626
68 36.8882
69 33.5202
70 27.0737
71 35.607
72 29.049
73 34.9558
74 33.7525
75 29.1634
76 36.3892
77 35.8015
78 32.2211
79 35.8073
80 41.0715
81 40.8921
82 42.2091
83 33.1557
84 36.9552
85 29.8105
86 31.7572
87 31.3489
88 33.8771
89 39.3495
90 35.3342
91 36.7705
92 39.8069
93 35.0059
94 35.8516
95 32.5451
96 39.6319
97 38.9337
98 37.0166
99 37.9787
100 33.7655
101 38.6265
102 39.747
103 35.8884
104 39.7947
105 39.9173
106 40.7778
107 38.2766
108 38.3948
109 37.5964
110 37.0304
111 35.405
112 37.7109
113 38.1483
114 37.9035
115 37.3724
116 35.9607
117 37.8465
118 36.1618
119 38.2451
120 56.5381
