1 17.2287
2 20.0856
3 21.165
4 19.3056
5 15.3751
6 18.8236
7 19.2393
8 24.018
9 25.9726
10 28.1288
11 28.7791
12 29.1297
13 31.1474
14 41.7543
15 37.9821
16 39.9057
17 43.7868
18 39.9427
19 36.4059
20 40.4852
21 36.4329
22 36.9998
23 36.4733
24 33.2194
25 42.3651
26 42.5364
27 40.4707
28 43.7266
29 50.7442
30 44.9943
31 42.2509
32 42.9513
33 38.3259
34 36.3687
35 34.6704
36 35.5856
37 31.5974
38 35.2522
39 33.2182
40 36.1641
41 36.0301
42 35.9129
43 36.2817
44 46.6196
45 40.6484
46 37.8098
47 31.7183
48 29.4782
49 36.0145
50 47.6655
51 38.2742
52 33.151
53 30.0795
54 35.5268
55 34.918
56 37.8238
57 40.4378
58 48.6484
59 36.6265
60 34.2126
61 42.4997
62 34.6174
63 35.3827
64 37.1838
65 29.7679
66 34.0775
67 35.2513
68 39.0593
69 37.8625
70 35.237
71 35.0853
72 39.4582
73 39.3025
74 41.1572
75 40.6967
76 38.969
77 35.1628
78 39.853
79 35.4099
80 34.5426
81 38.8921
82 39.7898
83 41.575
84 43.1387
85 45.0515
86 25.6965
87 39.0168
88 33.0588
89 37.1985
90 38.3929
91 39.4312
92 36.3699
93 37.8644
94 38.2365
95 31.7833
96 28.7988
97 34.6274
98 33.0703
99 36.105
100 30.5889
101 34.5779
102 33.8155
103 31.8753
104 28.1588
105 33.5694
106 31.7782
107 28.2108
108 33.3397
109 24.3469
110 27.6687
111 36.2228
112 32.0577
113 32.5693
114 29.531
115 34.0758
116 37.3393
117 29.9189
118 35.4063
119 34.3728
120 50.1851
