1 8.37974
2 8.63566
3 7.81693
4 8.67803
5 8.88379
6 8.11634
7 9.10879
8 8.86241
9 10.4039
10 10.809
11 10.9434
12 10.9168
13 10.7223
14 10.1841
15 11.1542
16 12.0633
17 15.3727
18 15.017
19 13.661
20 15.8978
21 16.6459
22 15.3573
23 10.5352
24 11.1556
25 14.6128
26 14.9499
27 14.7221
28 12.0992
29 10.7712
30 13.0123
31 14.7397
32 20.7044
33 22.0447
34 23.4724
35 27.1158
36 25.9344
37 26.9408
38 22.1833
39 25.1498
40 25.5912
41 22.3174
42 22.6814
43 23.2029
44 24.6128
45 23.8548
46 23.9381
47 25.2008
48 26.6812
49 26.4686
50 26.8588
51 22.5619
52 25.5806
53 26.446
54 29.81
55 32.0786
56 30.1847
57 39.2271
58 31.0231
59 31.0246
60 29.4686
61 31.3641
62 31.1724
63 37.6768
64 42.6837
65 27.4503
66 46.1584
67 43.8465
68 44.0203
69 39.8878
70 27.9463
71 43.569
72 27.3336
73 38.6085
74 38.6643
75 25.0004
76 35.787
77 38.2556
78 42.3493
79 37.2135
80 43.5713
81 43.1835
82 40.5846
83 33.8419
84 40.2634
85 28.008
86 34.8326
87 31.4502
88 34.3558
89 42.5532
90 35.8927
91 35.8698
92 40.7331
93 37.9658
94 37.9563
95 35.8261
96 42.5612
97 44.578
98 37.7939
99 43.2064
100 42.5942
101 40.9681
102 42.2647
103 36.5822
104 42.6483
105 37.047
106 39.0942
107 41.4703
108 42.0352
109 42.6113
110 37.9341
111 38.2558
112 41.0553
113 42.492
114 40.2046
115 36.2273
116 39.6667
117 39.8315
118 41.104
119 38.694
120 57.5783
