1 25.6605
2 28.9784
3 24.1872
4 24.384
5 26.0437
6 32.9731
7 35.2406
8 35.6187
9 25.3144
10 23.6662
11 23.795
12 20.9703
13 25.4157
14 23.6665
15 18.4637
16 14.2534
17 18.6488
18 20.8338
19 16.0017
20 15.3173
21 16.1631
22 15.8176
23 15.2759
24 13.008
25 14.1933
26 13.9115
27 13.1294
28 13.2477
29 15.8516
30 16.7483
31 23.6421
32 24.5763
33 24.4843
34 24.1522
35 24.7659
36 24.4142
37 28.048
38 29.2227
39 33.5283
40 34.2167
41 34.0633
42 31.9531
43 38.104
44 43.3848
45 45.0841
46 42.1922
47 37.3953
48 39.8581
49 33.0657
50 31.937
51 44.0134
52 40.498
53 36.0547
54 38.1705
55 42.2952
56 30.6953
57 36.3534
58 33.0082
59 35.1446
60 33.1218
61 36.9295
62 32.4617
63 37.5
64 45.2596
65 26.7012
66 44.8098
67 43.9139
68 41.5889
69 34.2086
70 28.5641
71 38.1732
72 30.7433
73 39.6744
74 33.5519
75 29.9031
76 38.3465
77 35.3566
78 36.4137
79 34.9561
80 44.8672
81 45.9974
82 38.335
83 32.3374
84 38.1016
85 31.6753
86 38.8079
87 28.2504
88 36.2179
89 42.6461
90 35.4482
91 39.807
92 39.5488
93 41.666
94 40.5713
95 31.6105
96 43.4993
97 41.9426
98 43.4536
99 41.1607
100 39.8016
101 38.4525
102 42.199
103 34.7687
104 41.8071
105 40.3454
106 40.7528
107 35.8621
108 37.9761
109 34.7385
110 37.3448
111 38.2142
112 36.9232
113 44.6765
114 40.1379
115 39.8959
116 38.6741
117 40.2519
118 38.0911
119 36.0425
120 58.5615
