1 10.0879
2 10.8347
3 10.5209
4 11.8314
5 39.9858
6 43.416
7 60.084
8 53.9864
9 56.6244
10 61.5306
11 77.9868
12 71.8172
13 75.6777
14 69.0894
15 79.1288
16 62.1868
17 67.452
18 65.0847
19 54.4732
20 55.2667
21 67.1703
22 59.4324
23 63.384
24 67.0009
25 67.7013
26 65.125
27 67.5914
28 57.0834
29 42.7548
30 51.2685
31 47.7606
32 39.0693
33 39.2152
34 38.956
35 38.4807
36 32.6587
37 43.2282
38 38.3657
39 37.4405
40 32.2299
41 34.1901
42 40.0722
43 38.3752
44 33.6243
45 35.7697
46 39.8524
47 37.8368
48 42.0911
49 35.5906
50 36.7021
51 42.2093
52 30.5303
53 44.4566
54 43.4402
55 37.671
56 38.4876
57 33.952
58 40.1032
59 36.0828
60 32.2311
61 41.4631
62 29.999
63 36.7726
64 27.7535
65 26.3802
66 35.5855
67 39.6363
68 35.7029
69 39.5658
70 36.8304
71 40.4784
72 36.3583
73 37.6281
74 36.235
75 34.4954
76 36.0802
77 36.6195
78 38.5923
79 40.6393
80 38.8282
81 37.5691
82 40.5945
83 41.1069
84 38.8368
85 43.7417
86 39.6051
87 39.6242
88 42.7288
89 40.8996
90 34.8143
91 32.0374
92 36.8334
93 36.3118
94 36.4894
95 36.813
96 40.1962
97 42.1096
98 35.714
99 32.5527
100 38.0781
101 34.9201
102 36.2242
103 36.1271
104 33.5414
105 37.8841
106 34.772
107 29.1465
108 39.374
109 40.0993
110 39.934
111 37.327
112 38.3119
113 39.4132
114 41.7167
115 37.8325
116 36.8733
117 38.0903
118 38.1883
119 37.8967
120 53.632
