1 12.7134
2 13.1963
3 12.3803
4 12.2395
5 13.8684
6 19.1731
7 19.678
8 18.6702
9 16.1286
10 12.5813
11 12.9453
12 13.9816
13 14.4908
14 15.5144
15 18.2614
16 19.4495
17 19.2736
18 18.7252
19 17.3033
20 18.672
21 18.6368
22 19.5047
23 21.2913
24 20.548
25 21.0321
26 20.3626
27 20.3268
28 19.7793
29 17.3748
30 16.4861
31 13.7768
32 12.0961
33 11.734
34 10.7532
35 10.9615
36 13.2684
37 13.0511
38 13.5961
39 19.8515
40 22.8236
41 21.3071
42 20.3861
43 21.8165
44 24.146
45 30.3022
46 25.0025
47 22.7436
48 30.3723
49 29.2913
50 32.6343
51 29.6314
52 25.848
53 32.697
54 32.3858
55 31.8354
56 35.3937
57 32.0366
58 32.0202
59 31.0408
60 27.0187
61 36.5604
62 27.8222
63 37.9301
64 28.2053
65 30.169
66 37.2366
67 42.4193
68 37.2143
69 44.0375
70 39.0463
71 40.9393
72 39.5561
73 39.0503
74 39.1957
75 41.1135
76 41.1688
77 41.0628
78 36.4116
79 42.4605
80 36.8211
81 38.1826
82 39.891
83 39.346
84 37.481
85 41.9571
86 39.0008
87 37.407
88 42.5628
89 41.6969
90 39.4689
91 33.2688
92 39.0236
93 40.1658
94 41.1855
95 43.6399
96 38.7157
97 39.8208
98 37.4521
99 40.1954
100 39.7276
101 40.692
102 38.8403
103 39.2486
104 36.3308
105 39.8489
106 39.8626
107 35.8564
108 40.9943
109 39.0558
110 41.4247
111 35.9916
112 38.8062
113 39.0726
114 37.7518
115 40.3332
116 39.2948
117 38.2732
118 38.7253
119 35.961
120 42.5871
