1 10.6114
2 10.3348
3 9.41145
4 8.83257
5 8.05386
6 12.0887
7 13.9403
8 14.1251
9 15.8808
10 17.9948
11 17.2709
12 17.3927
13 17.4788
14 17.7251
15 16.4428
16 14.8365
17 14.2719
18 12.8348
19 12.6543
20 14.8526
21 18.5657
22 18.9931
23 19.3161
24 22.3768
25 24.9663
26 25.037
27 18.8918
28 19.2629
29 19.1543
30 20.5099
31 20.3177
32 19.7939
33 18.1889
34 13.1641
35 14.6654
36 13.9406
37 13.308
38 14.6889
39 17.9448
40 19.2865
41 18.3316
42 19.8131
43 20.6331
44 19.4807
45 16.8882
46 15.0767
47 12.1034
48 14.7959
49 15.0692
50 14.062
51 14.5397
52 14.0483
53 15.624
54 18.1143
55 18.482
56 17.399
57 17.9636
58 17.6599
59 19.5838
60 19.4228
61 21.0705
62 22.1
63 23.9881
64 24.1943
65 24.2046
66 23.3753
67 20.4776
68 18.6576
69 19.7546
70 14.9536
71 13.106
72 12.9977
73 15.027
74 14.0727
75 14.0481
76 13.7564
77 13.776
78 13.9717
79 16.3927
80 18.5391
81 19.1482
82 19.4824
83 34.0386
84 42.4975
85 39.3897
86 40.6531
87 35.2342
88 36.7814
89 37.814
90 36.4835
91 38.451
92 36.4736
93 44.0043
94 37.9882
95 39.7849
96 41.0707
97 43.2573
98 35.0526
99 29.2258
100 33.3989
101 37.274
102 38.7392
103 40.0945
104 35.7144
105 38.8487
106 39.3311
107 40.8232
108 35.2787
109 43.3871
110 35.5815
111 38.9402
112 41.087
113 38.4867
114 40.9437
115 39.4558
116 42.1837
117 42.6842
118 37.4
119 38.3946
120 65.0877
