1 11.891
2 15.3305
3 16.8651
4 17.4708
5 18.0728
6 16.9344
7 18.921
8 18.6613
9 18.3659
10 16.94
11 18.1609
12 20.6768
13 21.7906
14 22.3406
15 22.439
16 21.1349
17 20.4828
18 20.8986
19 25.8258
20 28.9013
21 27.0517
22 27.8547
23 31.0402
24 32.1712
25 27.9826
26 26.7199
27 27.0488
28 28.2285
29 32.9253
30 33.3138
31 22.5629
32 23.0657
33 26.6197
34 28.1361
35 27.3751
36 27.2435
37 28.32
38 31.794
39 26.2258
40 34.0825
41 34.1485
42 32.2488
43 27.5027
44 26.5764
45 28.7016
46 29.0474
47 31.0962
48 25.5812
49 28.5418
50 32.106
51 32.1436
52 28.0984
53 26.1855
54 23.3499
55 31.2058
56 28.2305
57 28.6342
58 34.8714
59 29.0791
60 35.8933
61 31.0819
62 25.7264
63 36.5137
64 36.868
65 28.9458
66 27.0561
67 34.9657
68 34.2529
69 30.2083
70 30.9468
71 34.2515
72 33.7072
73 27.3722
74 33.2356
75 33.5434
76 31.5868
77 23.6056
78 31.9144
79 28.7518
80 32.9492
81 35.1312
82 30.5939
83 22.6197
84 30.0774
85 26.1732
86 22.5101
87 28.8017
88 26.3321
89 29.0787
90 30.0256
91 35.2271
92 29.296
93 36.2212
94 29.4556
95 28.4555
96 34.611
97 32.2919
98 30.9924
99 34.7814
100 35.094
101 33.9231
102 31.0633
103 29.7891
104 34.0275
105 27.0971
106 26.8125
107 24.7268
108 31.9058
109 30.6445
110 33.7462
111 32.2467
112 28.8465
113 33.8438
114 27.9548
115 31.1344
116 31.0471
117 29.4527
118 28.3585
119 31.3644
120 33.8825
