1 8.58616
2 9.34265
3 9.67089
4 12.0542
5 24.2895
6 30.5346
7 26.8795
8 30.428
9 30.4126
10 27.5204
11 32.1054
12 35.7077
13 34.3558
14 30.5733
15 31.1369
16 32.0707
17 33.7493
18 32.5137
19 36.002
20 34.4758
21 37.4523
22 39.9933
23 38.6405
24 42.2136
25 40.7473
26 37.0563
27 35.4156
28 33.5705
29 34.2147
30 31.038
31 29.5857
32 31.4317
33 36.1627
34 33.0792
35 39.7784
36 38.7319
37 39.3488
38 37.5193
39 44.1787
40 33.8541
41 37.8565
42 24.3903
43 29.5191
44 30.315
45 29.7765
46 33.5462
47 33.5149
48 25.359
49 32.4051
50 33.9883
51 28.7049
52 33.3672
53 31.0164
54 28.015
55 28.1692
56 32.5286
57 30.1987
58 24.7675
59 34.7787
60 31.5455
61 36.0114
62 39.3895
63 38.1112
64 36.3373
65 37.0158
66 35.1404
67 34.1295
68 28.1927
69 27.4075
70 25.7875
71 30.6543
72 29.6084
73 30.1084
74 32.5455
75 28.0007
76 30.1883
77 33.4548
78 35.0688
79 32.5296
80 35.6099
81 35.562
82 33.817
83 26.6597
84 33.4011
85 34.6245
86 34.0612
87 35.0436
88 35.4448
89 27.2862
90 35.9976
91 36.3866
92 27.2628
93 19.6698
94 20.296
95 28.9436
96 19.4419
97 22.9898
98 24.1474
99 32.574
100 26.541
101 26.7363
102 20.1203
103 24.8986
104 23.5674
105 29.4353
106 33.2052
107 31.169
108 27.4799
109 29.7321
110 28.279
111 31.1161
112 32.8524
113 27.4258
114 30.4532
115 24.9426
116 27.4249
117 23.3871
118 23.6189
119 31.8913
120 42.4677
