1 5.47232
2 9.87809
3 11.4689
4 12.0009
5 12.0031
6 10.287
7 10.8334
8 10.4194
9 10.1421
10 10.3124
11 9.35103
12 10.3815
13 11.2901
14 11.5701
15 13.2981
16 13.9146
17 13.738
18 14.1264
19 11.9468
20 10.821
21 10.8601
22 13.3281
23 14.3182
24 14.4796
25 14.7955
26 15.1378
27 16.1841
28 16.4777
29 18.3498
30 18.151
31 21.005
32 24.2302
33 30.4643
34 31.0394
35 33.7954
36 32.8811
37 30.5658
38 30.6153
39 37.5181
40 37.8449
41 33.6689
42 38.92
43 35.2833
44 29.756
45 38.1745
46 38.7059
47 36.535
48 31.5826
49 31.6172
50 27.4282
51 37.8269
52 29.2765
53 30.408
54 30.3369
55 28.326
56 29.409
57 23.9827
58 39.215
59 39.554
60 37.1764
61 39.8237
62 38.7943
63 34.8012
64 41.3816
65 35.1719
66 37.3668
67 36.8568
68 35.5957
69 38.932
70 36.3195
71 33.8866
72 38.2251
73 39.7027
74 37.9633
75 38.5353
76 33.2086
77 32.2522
78 32.9618
79 38.9771
80 30.6404
81 23.1673
82 30.6053
83 34.5466
84 32.5488
85 28.1071
86 28.9004
87 28.2896
88 32.0213
89 37.9945
90 26.3134
91 25.4198
92 35.012
93 32.8608
94 27.7755
95 32.9368
96 36.0424
97 36.2645
98 34.4991
99 34.7783
100 34.5334
101 34.1508
102 34.2541
103 37.2842
104 35.0968
105 28.8651
106 35.0959
107 35.4406
108 36.2603
109 34.8154
110 32.4808
111 36.1529
112 35.2645
113 35.0334
114 36.7676
115 34.5426
116 32.7026
117 34.6884
118 32.3589
119 31.2476
120 40.0584
