1 13.9054
2 15.3076
3 15.0365
4 17.7001
5 18.7949
6 20.4364
7 19.6842
8 20.5128
9 25.8491
10 26.9161
11 28.078
12 26.793
13 34.8272
14 42.7894
15 44.9959
16 47.9638
17 45.6491
18 46.2047
19 33.7931
20 37.9872
21 48.1274
22 55.1031
23 48.2661
24 47.0783
25 48.5533
26 40.4515
27 49.0207
28 47.1192
29 43.9363
30 36.0433
31 31.8338
32 36.2046
33 31.515
34 31.002
35 36.2322
36 32.0579
37 30.2098
38 30.1177
39 33.2931
40 31.6039
41 31.8038
42 34.0512
43 34.6927
44 33.0799
45 36.661
46 28.5845
47 27.4023
48 30.0378
49 29.3589
50 27.883
51 29.9896
52 24.4449
53 29.7397
54 28.2519
55 30.022
56 28.1971
57 26.0559
58 40.3339
59 35.5031
60 38.2691
61 37.1475
62 40.023
63 33.609
64 32.6385
65 35.4961
66 37.9274
67 39.2136
68 33.4176
69 36.2004
70 37.812
71 34.0565
72 35.274
73 35.2337
74 36.0881
75 36.8524
76 34.1613
77 30.9716
78 32.7143
79 35.9297
80 28.5533
81 30.2365
82 24.9347
83 34.4536
84 30.9593
85 28.837
86 29.6737
87 30.0486
88 33.4892
89 33.1703
90 25.7519
91 27.4094
92 34.7739
93 33.3818
94 30.0637
95 33.4614
96 37.2325
97 35.9812
98 35.9074
99 33.1171
100 35.5342
101 32.8519
102 34.8408
103 32.6565
104 32.2996
105 32.299
106 37.8231
107 34.8799
108 33.2881
109 32.594
110 32.0221
111 34.0445
112 34.0823
113 34.5858
114 33.4375
115 34.7139
116 35.4593
117 34.6617
118 30.0225
119 33.2736
120 49.9228
