1 5.63942
2 7.99151
3 7.71511
4 10.0129
5 11.6915
6 12.3406
7 14.9107
8 18.9228
9 19.032
10 23.1772
11 23.3676
12 23.8241
13 30.2465
14 32.8168
15 27.7956
16 30.9218
17 33.4486
18 29.2227
19 28.2632
20 27.2088
21 27.3875
22 26.5303
23 23.8361
24 23.1485
25 28.0234
26 29.8063
27 29.605
28 36.1754
29 32.2498
30 32.5429
31 30.2862
32 31.2512
33 36.4048
34 29.1187
35 27.2666
36 28.8182
37 28.6798
38 27.1363
39 28.1743
40 29.125
41 28.6399
42 29.9169
43 28.4738
44 30.5445
45 38.1754
46 26.0403
47 36.7227
48 31.562
49 28.2195
50 33.7911
51 29.75
52 30.303
53 32.0162
54 24.6917
55 38.0707
56 26.8372
57 33.649
58 35.4441
59 36.2072
60 36.4744
61 38.1341
62 41.255
63 38.6867
64 39.6775
65 40.5485
66 39.666
67 37.2564
68 37.2622
69 37.3787
70 35.9688
71 43.4228
72 33.6291
73 15.3186
74 36.9763
75 35.7426
76 41.7359
77 38.5607
78 35.7563
79 35.5782
80 40.6131
81 35.987
82 25.1983
83 31.4885
84 34.1811
85 29.7658
86 27.419
87 32.8696
88 33.3228
89 33.2127
90 37.9779
91 33.2969
92 36.9842
93 33.0751
94 32.2596
95 34.0028
96 33.7204
97 32.0431
98 35.0267
99 34.1002
100 29.1442
101 36.2961
102 33.3303
103 35.1578
104 33.7885
105 34.1888
106 34.5634
107 32.1404
108 34.515
109 33.1222
110 31.5694
111 35.857
112 33.0304
113 34.1953
114 33.7284
115 29.6477
116 25.1716
117 28.744
118 29.7549
119 29.9385
120 40.6698
