1 28.0871
2 28.2281
3 28.8174
4 30.4832
5 38.8013
6 44.2914
7 52.0068
8 48.8442
9 45.0991
10 44.0884
11 53.8479
12 45.7004
13 40.1421
14 40.8298
15 39.5008
16 38.721
17 44.5249
18 38.7863
19 40.937
20 39.644
21 48.7523
22 45.2506
23 52.0506
24 41.6946
25 42.2474
26 41.587
27 46.9287
28 42.1239
29 42.9427
30 41.1716
31 32.8324
32 35.2304
33 32.5464
34 30.7692
35 37.9443
36 30.1984
37 30.6651
38 31.4361
39 36.336
40 34.7299
41 34.1985
42 41.2601
43 31.3648
44 33.9043
45 36.1296
46 35.8146
47 31.085
48 35.4759
49 30.0855
50 24.9567
51 37.196
52 30.4485
53 36.269
54 30.8082
55 33.3219
56 28.451
57 21.0519
58 38.4624
59 29.4219
60 40.0202
61 35.2493
62 37.2705
63 40.2694
64 40.7757
65 33.6725
66 34.5832
67 39.5109
68 34.9468
69 36.1763
70 36.1397
71 31.9184
72 35.9996
73 37.3404
74 37.1559
75 37.4378
76 33.599
77 29.611
78 32.2885
79 39.4348
80 26.3731
81 27.3265
82 26.0759
83 34.3048
84 32.1007
85 30.1151
86 28.9774
87 29.9516
88 32.8093
89 34.2254
90 21.8361
91 25.4836
92 29.2724
93 29.2782
94 30.1348
95 35.0306
96 34.0282
97 35.3781
98 34.5726
99 33.8951
100 34.3631
101 31.3894
102 34.4351
103 33.7163
104 31.5545
105 28.8975
106 29.726
107 30.1345
108 32.5525
109 34.7183
110 30.4758
111 32.1492
112 32.5228
113 29.6717
114 28.9989
115 32.9238
116 30.6512
117 33.4851
118 33.7101
119 30.8595
120 44.2421
