1 2.06425
2 2.37995
3 3.8224
4 4.07131
5 4.81471
6 5.31273
7 5.83889
8 6.52007
9 7.34333
10 8.48387
11 8.34027
12 9.69482
13 9.68231
14 9.65802
15 10.8589
16 11.9041
17 11.6229
18 11.1279
19 10.5589
20 10.7526
21 10.295
22 10.5603
23 8.65075
24 8.72634
25 8.53533
26 8.10845
27 7.88802
28 10.9371
29 11.1989
30 12.0494
31 12.0324
32 11.5968
33 11.6813
34 11.7873
35 11.899
36 12.0598
37 11.6624
38 10.4774
39 9.73396
40 10.4089
41 10.9667
42 11.2629
43 11.7008
44 10.9045
45 11.2305
46 11.6227
47 11.4043
48 11.8407
49 12.3075
50 12.0479
51 12.1846
52 11.8163
53 12.2851
54 12.746
55 13.69
56 15.24
57 16.141
58 15.4391
59 16.2825
60 17.2081
61 16.9394
62 16.5839
63 14.0955
64 14.0878
65 15.2627
66 15.7544
67 18.1819
68 17.3515
69 18.3288
70 16.9512
71 16.4171
72 15.7444
73 15.6841
74 17.2915
75 21.3752
76 22.9474
77 23.303
78 25.2884
79 27.1492
80 27.9736
81 33.3775
82 32.8099
83 29.2675
84 25.6241
85 34.7695
86 34.5845
87 32.3177
88 35.0047
89 32.9124
90 27.2988
91 27.5918
92 31.0694
93 26.4316
94 28.2736
95 27.3373
96 24.4473
97 28.9992
98 31.7536
99 25.5358
100 26.9385
101 27.661
102 28.2648
103 23.2701
104 18.8315
105 19.8963
106 24.4458
107 20.9715
108 21.2266
109 20.9928
110 22.6494
111 21.6944
112 25.9093
113 23.616
114 24.5848
115 25.3634
116 22.5612
117 25.1777
118 22.7706
119 22.2001
120 31.756
