1 2.53662
2 3.07116
3 3.6119
4 4.81889
5 5.03848
6 4.66198
7 4.87169
8 5.27849
9 5.54907
10 6.91082
11 7.74374
12 7.51394
13 8.37284
14 8.65332
15 8.40674
16 7.60501
17 8.01775
18 8.65166
19 8.29183
20 8.22512
21 10.2689
22 10.559
23 10.2582
24 9.16648
25 8.24577
26 7.72801
27 8.0882
28 9.63823
29 13.0822
30 13.3376
31 12.9335
32 12.1915
33 13.4247
34 13.6181
35 13.0192
36 13.2998
37 13.3476
38 15.0638
39 15.6749
40 13.2176
41 11.4722
42 12.2694
43 12.1784
44 11.7104
45 8.27087
46 7.02568
47 6.99471
48 7.20524
49 7.73107
50 7.69335
51 7.72652
52 8.12675
53 9.12849
54 9.09047
55 7.82059
56 9.43412
57 10.1031
58 10.8774
59 15.0207
60 16.0277
61 14.0248
62 13.5557
63 13.6194
64 13.9755
65 13.7051
66 13.8232
67 14.4305
68 13.5111
69 12.3834
70 12.1505
71 12.66
72 13.2447
73 14.8513
74 15.1027
75 14.7437
76 15.2914
77 19.4662
78 17.4821
79 15.1589
80 15.3927
81 14.6548
82 14.8147
83 15.5866
84 14.6529
85 14.829
86 15.0875
87 15.3293
88 15.033
89 15.1106
90 14.4978
91 14.089
92 14.7881
93 14.4472
94 14.7302
95 16.6179
96 18.6443
97 18.8181
98 18.9333
99 19.9288
100 21.2866
101 24.394
102 27.1346
103 20.5733
104 18.5481
105 21.9947
106 22.3965
107 22.8129
108 23.1052
109 21.5069
110 24.2204
111 24.5297
112 24.6113
113 22.7471
114 21.394
115 23.2815
116 21.0267
117 23.6703
118 24.4913
119 23.3798
120 31.3979
