1 3.34846
2 4.21723
3 4.79391
4 5.03475
5 5.15558
6 5.15515
7 5.50785
8 6.60651
9 7.21321
10 7.33595
11 8.07703
12 9.12448
13 8.98272
14 9.16513
15 9.391
16 9.6278
17 11.9933
18 13.2629
19 15.1019
20 14.3269
21 13.9628
22 14.2183
23 15.3446
24 15.0426
25 17.5064
26 21.7692
27 20.299
28 18.2552
29 17.9306
30 17.7738
31 17.7779
32 17.9919
33 17.5653
34 19.8066
35 20.9797
36 22.6969
37 17.4571
38 18.1246
39 18.5447
40 15.8009
41 16.7899
42 17.6437
43 19.0094
44 18.82
45 19.7835
46 19.9421
47 19.534
48 19.3672
49 18.8101
50 18.7495
51 19.6665
52 18.1261
53 17.4802
54 18.782
55 17.3687
56 20.8501
57 21.0734
58 22.3475
59 27.8861
60 27.1186
61 26.0964
62 26.9772
63 24.4115
64 22.892
65 22.4138
66 22.6455
67 23.3429
68 23.7099
69 27.63
70 26.5015
71 26.0718
72 26.5817
73 23.8221
74 24.0971
75 22.2978
76 21.4104
77 21.5902
78 22.0559
79 22.9163
80 16.9164
81 16.5247
82 19.8124
83 20.805
84 21.4818
85 16.4271
86 20.1149
87 26.6634
88 25.2719
89 25.8241
90 23.7513
91 28.0848
92 29.5547
93 26.8036
94 28.9856
95 25.2261
96 24.2581
97 28.4566
98 25.3487
99 26.4008
100 25.4847
101 26.9793
102 25.6418
103 23.3204
104 26.4504
105 28.0982
106 24.6736
107 24.8056
108 26.0532
109 24.2697
110 23.5839
111 24.6279
112 23.0956
113 19.2156
114 22.2031
115 27.0236
116 23.9265
117 22.6144
118 22.8817
119 25.3688
120 45.5008
