1 7.76747
2 8.83329
3 9.72211
4 10.0687
5 11.8018
6 11.5934
7 12.8084
8 13.9174
9 13.8859
10 15.04
11 14.1732
12 13.412
13 15.255
14 16.6374
15 16.9515
16 18.6997
17 23.1065
18 31.3892
19 29.3383
20 20.0431
21 18.3163
22 16.4234
23 17.5421
24 18.872
25 18.331
26 19.4988
27 22.5339
28 24.6689
29 28.5095
30 30.4421
31 31.9298
32 30.4153
33 26.098
34 27.5671
35 26.3958
36 25.1787
37 27.8085
38 34.2855
39 34.6136
40 34.6161
41 32.9286
42 31.239
43 38.3104
44 36.9026
45 34.1461
46 33.83
47 35.8955
48 33.5757
49 35.0464
50 31.906
51 32.2821
52 35.781
53 30.1656
54 27.8636
55 27.1702
56 26.1708
57 25.5009
58 24.9273
59 26.1805
60 28.9217
61 26.9299
62 27.7396
63 26.7937
64 27.2065
65 24.5195
66 25.3719
67 23.47
68 25.6104
69 25.9666
70 26.0283
71 26.9691
72 26.0149
73 20.9005
74 26.8516
75 23.2074
76 24.052
77 22.9153
78 24.9484
79 25.8596
80 26.2476
81 24.5795
82 25.331
83 22.8282
84 23.0795
85 21.5835
86 19.7042
87 20.1577
88 23.2179
89 23.2823
90 22.1089
91 21.982
92 19.7032
93 24.7127
94 22.7411
95 20.4357
96 25.2075
97 22.986
98 23.8222
99 25.1493
100 23.9521
101 22.3672
102 24.0203
103 22.4125
104 21.2892
105 22.9205
106 21.9182
107 20.7119
108 20.58
109 19.0132
110 20.23
111 23.4795
112 23.8914
113 23.1543
114 27.9324
115 23.6037
116 24.9
117 21.6906
118 21.866
119 22.4211
120 31.0479
