1 4.44725
2 6.01216
3 7.77212
4 7.90761
5 8.75674
6 8.25153
7 8.39876
8 10.0648
9 11.1725
10 12.0839
11 19.0294
12 22.3901
13 21.618
14 19.4346
15 17.4961
16 19.3113
17 19.7548
18 22.4039
19 21.6494
20 22.1052
21 24.8516
22 29.9574
23 41.7824
24 53.8841
25 52.8311
26 64.386
27 54.9766
28 44.9924
29 37.635
30 34.5224
31 33.6445
32 27.0402
33 27.1197
34 23.1687
35 23.1717
36 20.0578
37 23.5692
38 26.2029
39 25.349
40 23.6882
41 22.1498
42 19.3061
43 19.7222
44 20.7479
45 25.8135
46 27.5218
47 22.9112
48 18.7999
49 14.1886
50 16.474
51 18.8087
52 18.8975
53 25.5078
54 26.118
55 26.0116
56 25.2371
57 24.7381
58 25.4566
59 27.6589
60 28.0954
61 39.1145
62 41.19
63 36.2045
64 39.8064
65 43.59
66 43.5196
67 46.1692
68 48.3235
69 49.2846
70 54.1706
71 53.3885
72 45.8117
73 44.4387
74 45.888
75 41.2707
76 36.417
77 40.9914
78 48.3168
79 51.1235
80 42.0464
81 44.8207
82 50.4843
83 32.5326
84 29.0531
85 39.2223
86 36.1738
87 38.5181
88 40.4977
89 38.3585
90 32.2269
91 35.586
92 36.2101
93 30.1128
94 32.368
95 30.9288
96 28.1922
97 27.4004
98 34.4653
99 29.2005
100 28.3454
101 30.236
102 28.2719
103 21.4481
104 19.5573
105 22.554
106 22.8814
107 22.1964
108 21.3893
109 21.1803
110 23.1857
111 24.6768
112 22.7374
113 23.1521
114 22.0158
115 20.8389
116 22.6406
117 22.2313
118 19.0175
119 18.0523
120 35.2705
