1 6.6997
2 8.10261
3 8.57001
4 8.83635
5 10.0236
6 11.5149
7 12.4581
8 15.0368
9 15.164
10 14.1398
11 15.059
12 14.5266
13 15.364
14 14.5251
15 13.9791
16 14.0475
17 11.7471
18 10.6712
19 10.5372
20 12.2746
21 13.8457
22 14.4614
23 14.321
24 15.9758
25 16.031
26 16.9295
27 18.666
28 24.3102
29 24.4658
30 27.8226
31 26.8126
32 38.4653
33 42.3753
34 38.5983
35 48.3129
36 40.496
37 42.8164
38 40.1451
39 46.4375
40 40.2109
41 36.8497
42 43.3387
43 44.8675
44 37.4798
45 28.2775
46 30.0367
47 28.7959
48 36.2212
49 36.4195
50 32.1781
51 30.7018
52 34.2329
53 35.5665
54 36.0496
55 34.8476
56 33.4488
57 32.5745
58 34.0414
59 32.5548
60 28.5859
61 26.9005
62 28.1431
63 24.4641
64 26.2762
65 23.7325
66 28.1237
67 28.2818
68 30.7137
69 27.4447
70 29.3299
71 27.0399
72 26.0615
73 23.7977
74 27.0013
75 23.6937
76 25.5942
77 22.031
78 22.4317
79 23.6207
80 23.1704
81 24.2493
82 23.4148
83 26.4925
84 25.9434
85 26.1496
86 27.0673
87 24.198
88 21.4913
89 25.66
90 22.4457
91 24.2995
92 22.5608
93 23.6761
94 20.4878
95 18.5085
96 19.7529
97 19.8666
98 20.7328
99 21.6962
100 18.686
101 20.8355
102 21.7701
103 19.3412
104 24.3544
105 24.136
106 22.1008
107 22.1846
108 19.5058
109 20.8532
110 19.6109
111 20.1651
112 18.0991
113 17.9243
114 19.4206
115 21.1853
116 20.3218
117 22.3281
118 18.3314
119 21.1688
120 35.6042
