1 1.8634
2 40.2301
3 45.6348
4 44.3325
5 50.5076
6 54.8666
7 68.1926
8 73.9682
9 89.9361
10 89.0574
11 70.9171
12 79.7877
13 82.7127
14 77.4736
15 69.5504
16 76.062
17 101.481
18 133.109
19 147.182
20 163.793
21 172.288
22 192.476
23 201.8
24 210.456
25 206.845
26 194.716
27 173.682
28 134.908
29 148.962
30 141.803
31 145.246
32 138.604
33 135.029
34 142.745
35 141.981
36 141.234
37 141.926
38 107.157
39 107.723
40 139.854
41 150.936
42 151.659
43 141.029
44 140.322
45 166.818
46 161.354
47 168.198
48 168.597
49 182.788
50 190.708
51 195.373
52 210.168
53 198.125
54 198.599
55 191.646
56 193.037
57 190.876
58 188.992
59 188.394
60 185.003
61 188.069
62 146.839
63 171.329
64 193.495
65 178.246
66 135.408
67 102.099
68 127.662
69 149.349
70 152.436
71 143.399
72 140.433
73 131.54
74 114.592
75 129.478
76 172.718
77 176.071
78 180.971
79 167.897
80 179.138
81 183.899
82 205.056
83 178.068
84 173.754
85 155.639
86 180.493
87 174.546
88 177.316
89 162.381
90 184.405
91 163.893
92 208.151
93 214.711
94 166.908
95 173.089
96 192.865
97 184.395
98 186.972
99 173.163
100 166.574
101 171.505
102 176.885
103 177.797
104 174.819
105 164.997
106 137.09
107 165.997
108 175.61
109 181.665
110 179.427
111 185.527
112 182.785
113 185.457
114 195.693
115 164.039
116 159.423
117 170.726
118 167.847
119 152.742
120 167.895
