1 30.5785
2 31.058
3 32.3682
4 44.3329
5 76.3685
6 79.8674
7 88.5851
8 108.826
9 118.262
10 135.076
11 134.502
12 151.737
13 174.981
14 191.984
15 180.956
16 181.092
17 178.357
18 201.402
19 189.488
20 215.549
21 207.494
22 205.343
23 199.464
24 207.35
25 199.71
26 211.426
27 188.919
28 182.538
29 190.571
30 203.154
31 161.753
32 183.724
33 185.626
34 210.567
35 187.429
36 195.962
37 183.728
38 201.941
39 179.997
40 193.662
41 177.725
42 192.079
43 198.015
44 187.378
45 195.362
46 183.71
47 179.653
48 195.481
49 171.148
50 191.26
51 183.734
52 192.087
53 194.493
54 196.093
55 195.583
56 206.03
57 175.219
58 192.312
59 174.566
60 161.106
61 178.672
62 188.113
63 152.787
64 212.09
65 186.456
66 188.344
67 177.797
68 185.973
69 177.017
70 174.636
71 175.584
72 191.064
73 178.278
74 186.643
75 170.125
76 169.912
77 181.134
78 182.949
79 179.51
80 173.592
81 176.568
82 173.435
83 161.927
84 180.823
85 178.3
86 171.62
87 193.998
88 179.489
89 175.929
90 172.43
91 151.692
92 184.181
93 179.645
94 174.699
95 178.322
96 165.879
97 167.819
98 164.961
99 173.275
100 161.617
101 171.358
102 182.432
103 179.508
104 163.686
105 157.872
106 149.368
107 165.604
108 159.719
109 166.935
110 160.021
111 164.352
112 171.72
113 165.22
114 171.763
115 173.869
116 170.714
117 172.361
118 185.542
119 181.521
120 177.521
