1 2.55861
2 23.287
3 36.2974
4 40.8515
5 41.0528
6 41.274
7 50.9586
8 77.2029
9 99.4722
10 97.8743
11 95.4733
12 123.041
13 128.797
14 129.059
15 128.107
16 112.798
17 126.309
18 139.973
19 145.586
20 145.714
21 172.072
22 143.381
23 116.224
24 136.023
25 130.632
26 148.494
27 161.557
28 164.184
29 147.286
30 147.123
31 173.544
32 163.125
33 175.522
34 171.089
35 181.129
36 208.598
37 173.422
38 179.344
39 183.978
40 172.114
41 141.523
42 186.646
43 189.862
44 188.728
45 186.579
46 185.689
47 177.262
48 200.967
49 208.564
50 186.833
51 195.791
52 185.358
53 187.297
54 190.007
55 195.563
56 208.862
57 216.268
58 169.374
59 198.406
60 214.009
61 198.084
62 220.334
63 202.489
64 209.519
65 183.498
66 292.027
67 187.957
68 209.777
69 182.603
70 182.57
71 170.618
72 186.261
73 196.974
74 204.738
75 186.778
76 190.138
77 194.546
78 196.66
79 187.961
80 186.731
81 209.614
82 200.63
83 206.421
84 206.074
85 187.884
86 189.856
87 199.799
88 214.612
89 192.82
90 192.872
91 186.539
92 199.672
93 208.305
94 218.868
95 188.404
96 227.253
97 186.592
98 186.983
99 195.879
100 188.228
101 173.593
102 188.654
103 183.186
104 201.011
105 176.007
106 239.318
107 193.152
108 173.876
109 193.593
110 192.21
111 182.295
112 176.054
113 191.648
114 188.688
115 183.709
116 184.862
117 192.081
118 148.491
119 154.409
120 183.613
