1 1.25501
2 9.57092
3 18.674
4 34.6314
5 41.0363
6 43.9313
7 55.7138
8 59.9289
9 57.4201
10 64.2743
11 77.6353
12 78.5736
13 87.6097
14 84.5926
15 90.2792
16 80.4493
17 97.4788
18 94.9957
19 108.39
20 113.816
21 124.16
22 176.441
23 168.715
24 203.011
25 195.958
26 198.422
27 174.329
28 175.767
29 182.901
30 206.245
31 190.992
32 185.93
33 181.241
34 169.452
35 188.182
36 143.839
37 139.792
38 132.938
39 146.988
40 146.682
41 133.637
42 157.033
43 193.488
44 185.079
45 182.281
46 184.523
47 177.87
48 189.987
49 173.156
50 172.366
51 162.601
52 173.253
53 163.139
54 185.366
55 178.706
56 151.208
57 152.657
58 166.368
59 171.745
60 191.072
61 201.004
62 203.926
63 188.845
64 181.955
65 235.78
66 190.963
67 170.335
68 193.709
69 209.846
70 187.517
71 166.438
72 149.335
73 202.814
74 178.646
75 176.452
76 219.322
77 273.802
78 234.414
79 189.337
80 257.359
81 271.497
82 267.943
83 261.861
84 146.099
85 174.047
86 184.85
87 152.648
88 150.087
89 184.093
90 176.1
91 215.508
92 199.64
93 192.084
94 158.883
95 177.731
96 199.76
97 198.358
98 163.597
99 165.029
100 185.123
101 179.025
102 184.211
103 171.13
104 181.559
105 160.086
106 166.436
107 189.506
108 177.973
109 166.909
110 157.98
111 158.764
112 170.662
113 168.798
114 166.394
115 161.966
116 183.766
117 190.424
118 161.977
119 186.054
120 277.624
