1 0.694328
2 0.544256
3 0.544277
4 0.914361
5 0.556232
6 0.590558
7 0.567562
8 0.55631
9 0.589264
10 0.556408
11 1.07848
12 1.45341
13 1.10063
14 1.06606
15 1.08973
16 1.06592
17 1.10149
18 1.06735
19 1.10925
20 1.25016
21 1.157
22 1.11219
23 1.16888
24 1.13393
25 1.22479
26 1.8048
27 1.98604
28 1.67919
29 1.66648
30 1.7141
31 1.6804
32 1.6794
33 1.66847
34 1.64458
35 1.67931
36 1.74773
37 1.71456
38 2.13442
39 1.78112
40 1.92936
41 1.84934
42 1.86228
43 1.85099
44 1.98492
45 3.29177
46 3.16761
47 3.31438
48 3.26461
49 3.50078
50 3.35322
51 3.48233
52 4.62865
53 5.24551
54 4.6904
55 4.69956
56 4.89003
57 5.60787
58 4.99434
59 4.95937
60 5.11712
61 4.9935
62 5.65209
63 6.35314
64 5.38249
65 5.43787
66 5.95792
67 5.81261
68 5.83531
69 5.92898
70 5.97843
71 6.06999
72 6.03733
73 5.91995
74 6.07884
75 5.90214
76 6.07245
77 6.63634
78 8.46633
79 12.4854
80 10.4373
81 11.0754
82 10.315
83 11.8342
84 11.6564
85 11.6395
86 12.7875
87 12.9492
88 13.2774
89 12.7226
90 14.2636
91 14.7694
92 13.8092
93 14.9653
94 15.8751
95 14.7426
96 11.5896
97 12.8439
98 12.6157
99 14.1362
100 14.2267
101 12.9429
102 14.1258
103 16.8006
104 15.8074
105 16.0896
106 16.4157
107 15.9559
108 15.7545
109 15.3429
110 15.8246
111 15.5817
112 17.1811
113 16.511
114 16.8721
115 18.7453
116 21.1914
117 22.2467
118 20.5746
119 20.6874
120 20.7552
