1 1.30539
2 1.77727
3 1.98601
4 2.07679
5 1.96056
6 2.21439
7 2.84892
8 2.56146
9 2.51003
10 2.90284
11 3.51591
12 4.01612
13 3.38091
14 3.22057
15 3.57995
16 4.19854
17 3.94298
18 3.81309
19 3.79253
20 3.77533
21 3.75767
22 3.78533
23 3.81332
24 3.7117
25 3.83159
26 3.73232
27 3.85279
28 3.81422
29 4.257
30 3.94538
31 3.99648
32 4.24021
33 4.46284
34 4.0727
35 4.19675
36 4.58618
37 5.21331
38 4.61666
39 4.42265
40 4.64534
41 5.18984
42 4.75598
43 4.55327
44 5.00488
45 5.23494
46 4.75134
47 4.92509
48 5.31488
49 6.02859
50 6.82337
51 5.60921
52 5.65391
53 5.93616
54 6.67169
55 6.55208
56 5.89081
57 6.05171
58 6.07245
59 5.96954
60 5.99695
61 6.51244
62 7.3238
63 8.83306
64 9.83682
65 8.41834
66 8.80359
67 9.14608
68 8.93585
69 8.77237
70 8.62461
71 8.72203
72 8.55728
73 8.66086
74 8.68172
75 8.64419
76 8.6229
77 9.38943
78 8.66531
79 8.431
80 8.76688
81 9.22507
82 8.79921
83 8.24153
84 8.90425
85 8.96352
86 8.51299
87 8.58286
88 8.93374
89 9.08847
90 8.40127
91 8.36962
92 8.94901
93 9.84662
94 9.69564
95 9.61164
96 9.49903
97 9.56585
98 9.51373
99 9.66457
100 10.4275
101 9.58669
102 9.2398
103 9.7461
104 10.6481
105 10.7437
106 10.9911
107 10.2387
108 10.5714
109 11.654
110 11.7868
111 10.6932
112 10.9199
113 11.1164
114 10.7299
115 10.6546
116 11.0672
117 10.7518
118 10.2034
119 10.5481
120 10.7108
