1 0.723677
2 0.544948
3 0.544415
4 0.54431
5 0.544803
6 0.533331
7 0.544659
8 0.555415
9 0.532549
10 0.544643
11 0.81454
12 0.737273
13 0.589862
14 0.567062
15 0.556132
16 0.81555
17 0.964744
18 0.589888
19 0.578756
20 0.613266
21 0.613219
22 0.590151
23 0.600968
24 0.589912
25 0.624202
26 0.590036
27 0.590171
28 0.896261
29 1.37266
30 1.29357
31 1.12371
32 1.11021
33 1.14515
34 1.6568
35 2.08943
36 1.66929
37 1.62351
38 1.67669
39 2.07814
40 2.36154
41 2.31396
42 3.34933
43 3.89303
44 3.47247
45 3.73473
46 3.77892
47 3.76429
48 4.07536
49 3.98221
50 3.92889
51 3.97102
52 4.33691
53 4.1524
54 4.92468
55 4.66784
56 4.49522
57 5.02884
58 4.62647
59 4.87018
60 4.64454
61 4.72237
62 5.56915
63 5.48857
64 5.02785
65 5.24986
66 5.28574
67 5.23186
68 5.21578
69 5.25551
70 6.48283
71 9.59518
72 7.97344
73 7.43992
74 7.07381
75 7.35662
76 7.31283
77 7.99153
78 9.33641
79 8.27337
80 9.24715
81 9.51074
82 10.5579
83 10.6977
84 11.6565
85 13.6967
86 12.3245
87 11.8187
88 9.66663
89 7.56295
90 8.38888
91 8.49203
92 8.64848
93 8.25073
94 8.94969
95 9.76917
96 10.0086
97 9.66701
98 9.95354
99 9.37086
100 9.34985
101 9.63993
102 11.0971
103 10.8199
104 10.6489
105 12.2187
106 14.1933
107 17.6283
108 17.6055
109 16.3887
110 16.0402
111 16.4887
112 15.4709
113 15.9632
114 17.1981
115 15.9852
116 16.3728
117 18.2533
118 18.2367
119 17.3068
120 17.5465
