1 0.7459
2 0.522447
3 0.555269
4 0.544809
5 0.521452
6 0.56735
7 0.703604
8 0.794706
9 0.567127
10 0.566753
11 0.58994
12 1.03311
13 0.658371
14 0.601718
15 0.612346
16 0.601449
17 0.579183
18 0.601827
19 0.624084
20 0.578487
21 0.623977
22 1.10146
23 0.601707
24 0.647255
25 1.94727
26 2.41972
27 2.74684
28 3.11882
29 2.90507
30 2.8437
31 3.60171
32 3.6188
33 3.39493
34 3.48455
35 3.72197
36 3.5425
37 3.57625
38 3.94878
39 3.76432
40 3.72624
41 3.17842
42 3.54218
43 3.4382
44 3.57626
45 3.5502
46 4.06474
47 6.6386
48 13.825
49 13.5009
50 13.3207
51 15.824
52 19.3066
53 18.4914
54 18.6599
55 18.9626
56 20.6686
57 20.3381
58 20.2253
59 19.6555
60 19.396
61 18.77
62 20.9012
63 20.11
64 22.8571
65 24.7969
66 24.3185
67 25.7948
68 25.2731
69 27.3372
70 27.0659
71 26.6935
72 26.4914
73 26.1744
74 27.796
75 27.8367
76 31.5203
77 31.954
78 34.7579
79 35.148
80 34.2557
81 32.9619
82 34.0236
83 36.1165
84 36.289
85 36.01
86 39.4257
87 37.4789
88 37.1483
89 38.7933
90 39.2404
91 40.62
92 41.6836
93 43.9197
94 44.6203
95 44.1091
96 42.248
97 41.363
98 41.4257
99 42.4824
100 44.7902
101 48.3752
102 50.6709
103 49.3741
104 50.4418
105 55.7131
106 54.7879
107 56.3289
108 62.2035
109 67.1338
110 65.8532
111 72.5072
112 70.389
113 71.9035
114 72.9989
115 80.9516
116 85.0179
117 85.9237
118 90.7737
119 108.041
120 112.948
