1 16.1504
2 19.6321
3 19.5609
4 19.2036
5 19.4757
6 18.5703
7 18.9284
8 19.5991
9 20.0892
10 23.1148
11 27.112
12 29.6893
13 31.5176
14 30.5511
15 34.9499
16 34.9544
17 34.1366
18 35.7224
19 32.6254
20 39.1845
21 26.965
22 29.1755
23 29.6668
24 27.989
25 27.8068
26 31.299
27 34.7113
28 37.1576
29 41.7492
30 38.9135
31 36.1822
32 34.1312
33 32.3524
34 27.5442
35 29.7962
36 38.7625
37 31.9962
38 37.2344
39 32.187
40 33.6117
41 41.0607
42 28.4719
43 30.5561
44 28.1353
45 29.4298
46 28.5327
47 30.0594
48 28.965
49 34.2425
50 27.0316
51 30.0762
52 25.5971
53 29.3908
54 27.6951
55 27.5007
56 28.5595
57 40.0576
58 40.7456
59 28.7157
60 33.0386
61 27.0116
62 27.1449
63 34.2584
64 29.6385
65 30.2653
66 31.1413
67 41.667
68 29.8839
69 25.1818
70 31.269
71 29.5472
72 31.3595
73 39.0633
74 36.2559
75 32.2357
76 38.6023
77 41.1403
78 33.3478
79 37.0173
80 40.3064
81 34.0054
82 31.6405
83 35.4282
84 31.2509
85 34.7113
86 32.8531
87 28.2176
88 37.0417
89 31.3153
90 37.6197
91 35.524
92 33.4306
93 33.5297
94 33.1354
95 34.5631
96 37.4286
97 33.1342
98 35.7011
99 34.4882
100 36.0249
101 33.8578
102 37.6096
103 36.8152
104 36.9431
105 35.05
106 32.6316
107 24.7007
108 27.6542
109 28.1186
110 31.8797
111 33.6268
112 30.9354
113 33.1457
114 29.2078
115 26.7586
116 28.1832
117 30.8495
118 37.4623
119 34.2893
120 43.7891
