1 11.0406
2 13.4775
3 16.1649
4 13.6819
5 13.8299
6 13.3493
7 13.4719
8 17.7208
9 22.0705
10 23.2854
11 21.4996
12 20.3409
13 19.6911
14 21.6359
15 24.2504
16 26.2509
17 27.2266
18 29.4845
19 27.9617
20 27.4141
21 26.9577
22 26.1707
23 28.5989
24 27.522
25 26.6208
26 26.9153
27 23.2951
28 23.4628
29 29.7432
30 31.6646
31 31.4814
32 30.9338
33 29.507
34 27.6656
35 31.6364
36 33.6778
37 38.0241
38 37.2189
39 40.6778
40 38.045
41 40.6141
42 41.9458
43 36.2275
44 35.2436
45 40.9385
46 41.0336
47 34.6957
48 38.7872
49 40.3026
50 44.5434
51 36.479
52 41.3111
53 48.7559
54 31.3526
55 39.6679
56 32.5224
57 30.3915
58 35.4241
59 37.7504
60 38.5269
61 43.947
62 38.7635
63 37.7168
64 36.0851
65 35.9791
66 24.5827
67 34.3176
68 35.2337
69 31.3292
70 36.6884
71 28.7614
72 33.3122
73 33.5632
74 39.2182
75 39.1625
76 43.835
77 43.8805
78 38.0905
79 40.4044
80 32.5778
81 31.3552
82 45.8696
83 34.3724
84 43.9137
85 43.4276
86 43.546
87 44.3367
88 36.5189
89 38.1917
90 41.1806
91 39.2271
92 43.3402
93 45.9293
94 41.662
95 44.8031
96 40.9053
97 40.2198
98 32.6664
99 37.8247
100 37.8629
101 35.3162
102 36.9116
103 37.2268
104 41.923
105 35.6386
106 42.6076
107 40.912
108 39.2944
109 41.0969
110 40.6818
111 39.8132
112 35.2075
113 41.1315
114 43.8866
115 42.8044
116 41.2224
117 44.0346
118 39.0511
119 41.2084
120 55.8721
