1 6.05766
2 9.27091
3 10.7159
4 11.501
5 11.052
6 11.6419
7 12.2579
8 10.8221
9 13.486
10 14.2051
11 18.2894
12 15.7483
13 14.7065
14 13.3186
15 13.8969
16 15.6418
17 18.594
18 19.2431
19 21.8396
20 24.3592
21 26.7776
22 26.6353
23 23.989
24 21.45
25 20.6287
26 21.3834
27 26.5654
28 30.3204
29 31.4819
30 34.5355
31 37.8616
32 35.9993
33 34.6851
34 30.296
35 22.7432
36 20.5889
37 19.3913
38 18.0932
39 18.0396
40 17.8651
41 18.3259
42 21.9331
43 20.5774
44 21.4225
45 20.4349
46 20.7178
47 26.599
48 27.8859
49 29.2799
50 28.457
51 28.4619
52 28.9352
53 27.0371
54 29.3238
55 24.9184
56 30.3692
57 37.247
58 33.9505
59 31.2586
60 32.8897
61 39.2088
62 40.4302
63 46.9349
64 41.4855
65 35.6858
66 41.7934
67 37.3132
68 38.1962
69 32.5431
70 40.2381
71 39.0772
72 40.9817
73 40.4875
74 37.6453
75 42.5019
76 43.019
77 42.4455
78 35.6909
79 38.2856
80 38.1791
81 41.2508
82 45.0957
83 37.9365
84 41.5723
85 39.6359
86 39.872
87 42.2256
88 44.1216
89 42.59
90 43.9115
91 42.9982
92 36.338
93 41.3786
94 38.3554
95 41.9492
96 34.9063
97 34.7445
98 36.1121
99 32.2652
100 33.2029
101 32.4071
102 41.5159
103 40.2756
104 43.0525
105 39.8333
106 33.4755
107 28.988
108 35.5954
109 39.5984
110 37.852
111 37.0228
112 35.1323
113 35.8154
114 32.3903
115 36.3469
116 34.8711
117 34.464
118 37.6415
119 33.1118
120 53.1935
