1 3.71302
2 4.70834
3 5.4327
4 6.47229
5 6.55031
6 6.85003
7 9.16489
8 15.1002
9 16.9324
10 17.3815
11 15.2884
12 16.0368
13 16.0267
14 14.4691
15 14.8148
16 15.5708
17 15.6405
18 17.2647
19 17.6567
20 22.7154
21 20.1063
22 20.4951
23 22.3798
24 28.0206
25 30.0334
26 37.3971
27 32.5505
28 36.7651
29 35.3281
30 43.6909
31 34.0993
32 32.6949
33 34.2549
34 27.6418
35 29.4966
36 38.691
37 32.5009
38 34.3184
39 36.4402
40 34.3673
41 37.321
42 31.2865
43 27.9328
44 32.1279
45 27.735
46 29.0476
47 29.2642
48 33.5509
49 31.7448
50 31.0833
51 32.771
52 25.8342
53 27.6725
54 27.4289
55 28.2016
56 31.7145
57 42.4619
58 39.6154
59 26.5155
60 31.2343
61 26.6468
62 24.2069
63 33.0851
64 26.1417
65 28.9419
66 28.3262
67 39.6069
68 27.8946
69 25.0931
70 27.0231
71 30.3474
72 31.6438
73 38.1112
74 33.0988
75 31.5161
76 41.6698
77 42.2108
78 31.2543
79 39.3981
80 34.8343
81 30.3845
82 29.8937
83 31.6997
84 33.0336
85 33.2375
86 31.3658
87 31.6142
88 39.6833
89 32.2886
90 35.2502
91 38.3302
92 33.5846
93 31.8558
94 32.4213
95 32.1408
96 33.1309
97 31.7354
98 34.1749
99 33.0538
100 35.5932
101 32.0667
102 39.244
103 38.2357
104 35.5206
105 37.5259
106 31.8601
107 27.6284
108 29.2872
109 32.8258
110 34.754
111 34.0049
112 37.8096
113 32.3526
114 32.6474
115 26.8865
116 29.562
117 34.2114
118 34.243
119 35.2392
120 54.905
