1 8.20563
2 9.42629
3 9.849
4 10.2983
5 13.3293
6 17.7737
7 15.7938
8 22.6127
9 24.0753
10 25.3212
11 31.9585
12 34.7422
13 34.5551
14 39.1152
15 38.8474
16 44.7672
17 43.4053
18 43.3969
19 44.8329
20 37.8299
21 31.1645
22 29.935
23 27.3382
24 21.5986
25 22.635
26 29.0558
27 29.9487
28 30.602
29 28.6904
30 25.8166
31 25.492
32 25.4825
33 25.1805
34 26.5941
35 26.2842
36 26.1475
37 27.0276
38 28.6361
39 26.7911
40 29.6672
41 31.577
42 28.8213
43 28.2147
44 26.3719
45 22.9481
46 27.6059
47 34.7447
48 27.7905
49 35.2491
50 34.4987
51 30.2752
52 31.0074
53 26.3716
54 29.6723
55 34.473
56 29.9009
57 28.9597
58 35.7698
59 36.1881
60 36.8322
61 38.8408
62 41.5075
63 36.129
64 33.5608
65 38.0416
66 41.4253
67 35.4426
68 38.5495
69 37.6697
70 36.5933
71 21.4915
72 31.448
73 40.2817
74 41.8264
75 41.4465
76 32.3035
77 26.8499
78 31.9662
79 36.2586
80 23.9291
81 29.1188
82 34.0154
83 22.2568
84 36.5131
85 28.4998
86 25.8543
87 28.2843
88 40.6044
89 35.998
90 35.8861
91 19.9636
92 33.5505
93 35.6686
94 36.5606
95 31.6061
96 29.3812
97 35.64
98 33.0052
99 34.6518
100 36.2593
101 27.7632
102 33.8215
103 33.8529
104 29.2006
105 39.4239
106 28.8831
107 34.1036
108 32.9329
109 39.2967
110 36.3043
111 37.7063
112 39.5759
113 31.6858
114 35.1116
115 35.1506
116 34.51
117 31.6904
118 39.2228
119 34.8987
120 69.2953
