1 7.46982
2 7.87748
3 7.24279
4 5.36687
5 6.05652
6 6.61723
7 7.55434
8 7.80249
9 8.75089
10 10.1874
11 11.3882
12 11.7791
13 13.4833
14 13.4148
15 13.4278
16 15.9451
17 16.3227
18 16.5456
19 18.1337
20 19.1004
21 19.2338
22 18.2559
23 17.2104
24 20.1655
25 25.0945
26 25.7704
27 26.2802
28 29.1136
29 33.3831
30 31.6004
31 31.8067
32 33.0634
33 36.5545
34 34.1131
35 36.7893
36 37.1684
37 33.7921
38 32.6957
39 34.7569
40 35.6978
41 33.2954
42 34.2336
43 36.3048
44 36.7512
45 34.6467
46 35.454
47 40.1398
48 39.7935
49 31.8463
50 37.073
51 37.1332
52 34.6005
53 35.0077
54 37.4614
55 41.5641
56 40.9414
57 37.0114
58 39.6838
59 36.0572
60 43.6039
61 33.4509
62 46.4896
63 54.4991
64 40.8348
65 29.9228
66 36.0021
67 32.174
68 29.9045
69 34.6237
70 35.7657
71 38.5573
72 36.4598
73 36.9945
74 41.0354
75 41.0009
76 40.7995
77 36.1298
78 37.8235
79 30.469
80 25.7753
81 27.352
82 28.7676
83 35.1557
84 32.7967
85 38.2472
86 36.7751
87 38.7816
88 40.3771
89 41.4357
90 40.9069
91 41.6306
92 29.5565
93 32.8246
94 34.4312
95 35.0188
96 37.446
97 37.1379
98 33.1101
99 32.9051
100 39.6431
101 32.3993
102 34.8789
103 32.6874
104 29.3062
105 29.5553
106 32.8371
107 30.2118
108 31.0003
109 32.7188
110 30.4211
111 33.3464
112 31.6423
113 34.3328
114 29.574
115 27.968
116 29.8625
117 37.9223
118 27.3536
119 29.4666
120 41.5073
