1 16.2425
2 19.7664
3 19.2563
4 19.2741
5 18.7376
6 19.0565
7 18.0969
8 17.1974
9 17.5692
10 17.9763
11 20.3027
12 23.065
13 24.0865
14 24.8575
15 28.808
16 28.6949
17 29.5053
18 26.0311
19 26.1843
20 34.6801
21 34.8863
22 36.9531
23 39.6558
24 44.6467
25 36.5988
26 38.8673
27 32.902
28 37.3833
29 35.0464
30 42.466
31 34.379
32 33.0455
33 33.0449
34 28.3269
35 29.8812
36 34.25
37 31.9934
38 31.1603
39 39.1845
40 38.607
41 40.2606
42 28.7766
43 30.1194
44 29.3495
45 29.8388
46 30.5874
47 29.0638
48 31.9997
49 32.5443
50 29.3309
51 32.9753
52 30.1577
53 29.0062
54 27.6201
55 25.3504
56 29.1047
57 39.0658
58 40.2306
59 31.3693
60 32.385
61 25.2842
62 26.3725
63 30.31
64 29.0961
65 28.1428
66 30.021
67 41.6629
68 26.8241
69 24.9631
70 28.7605
71 34.6863
72 30.3232
73 34.4916
74 34.1942
75 30.8425
76 39.6085
77 42.5075
78 34.8744
79 34.1688
80 39.0707
81 34.0473
82 30.9998
83 35.3561
84 29.5378
85 34.9301
86 30.9833
87 30.042
88 40.6545
89 33.1787
90 38.9283
91 35.8296
92 34.7585
93 34.2672
94 31.6583
95 32.1453
96 32.5452
97 30.2342
98 29.9448
99 29.4277
100 32.5815
101 30.0616
102 37.033
103 36.5496
104 36.3737
105 34.346
106 33.1121
107 25.201
108 29.8451
109 31.3151
110 31.8092
111 35.9881
112 33.5675
113 33.7803
114 31.104
115 28.3176
116 26.9628
117 33.267
118 36.0929
119 36.849
120 44.0385
