1 7.90127
2 8.93899
3 8.68025
4 8.55765
5 10.0515
6 10.3519
7 11.0095
8 12.5322
9 12.4126
10 15.0912
11 16.0982
12 14.8611
13 14.3222
14 14.2933
15 12.8137
16 11.3064
17 13.2718
18 15.9172
19 17.5179
20 17.06
21 17.7422
22 19.3189
23 21.9336
24 23.9002
25 29.9916
26 32.491
27 33.6124
28 33.216
29 37.1708
30 38.0354
31 32.2965
32 38.0722
33 37.5402
34 38.1198
35 38.5822
36 29.7366
37 31.2089
38 29.763
39 27.8395
40 29.113
41 40.4504
42 35.0242
43 32.9671
44 32.1437
45 26.0138
46 31.1582
47 32.0085
48 34.1953
49 32.8585
50 39.1023
51 33.4037
52 30.0949
53 27.5873
54 27.6912
55 31.1952
56 30.6669
57 27.8177
58 33.5207
59 38.6191
60 38.1492
61 37.8612
62 40.0797
63 33.6513
64 32.488
65 37.5119
66 41.6807
67 37.4745
68 35.4334
69 33.3852
70 39.9274
71 25.5201
72 30.6424
73 40.9079
74 36.1655
75 40.6514
76 35.4396
77 28.3741
78 31.4391
79 38.8615
80 29.9905
81 25.8605
82 38.9168
83 22.5956
84 38.7331
85 29.3509
86 26.2155
87 30.4778
88 39.7716
89 34.8084
90 34.9475
91 19.7284
92 32.7222
93 34.4562
94 39.6189
95 34.2108
96 30.0597
97 38.9886
98 31.6359
99 35.57
100 36.9071
101 22.9209
102 37.2474
103 30.863
104 31.3872
105 36.4902
106 32.9655
107 35.8333
108 33.5392
109 32.8598
110 36.8576
111 36.7679
112 38.4207
113 30.1346
114 33.95
115 39.1816
116 37.4348
117 39.4956
118 34.4911
119 37.4584
120 80.8499
