1 10.1288
2 12.8177
3 16.1329
4 17.4161
5 17.3693
6 19.6512
7 21.0799
8 19.5772
9 19.7158
10 20.5336
11 19.5034
12 20.019
13 18.9898
14 18.4804
15 20.9016
16 19.5605
17 20.6746
18 20.626
19 22.4074
20 26.0183
21 31.6142
22 35.7551
23 38.3405
24 38.6978
25 39.9218
26 32.5341
27 43.4489
28 38.8831
29 34.3267
30 39.2157
31 41.0101
32 37.6516
33 32.3478
34 31.552
35 31.1885
36 31.5636
37 24.8509
38 28.5857
39 27.8335
40 30.5199
41 22.8416
42 24.3025
43 25.5833
44 33.3902
45 40.921
46 48.8621
47 36.3651
48 45.1664
49 45.2173
50 44.7252
51 41.1985
52 42.276
53 29.6045
54 26.8986
55 23.5188
56 32.7687
57 33.7013
58 27.4055
59 27.9486
60 30.9977
61 35.5276
62 37.0626
63 39.9306
64 33.6102
65 37.8739
66 37.0036
67 35.7196
68 33.2318
69 34.6962
70 34.1671
71 38.8748
72 34.8857
73 38.5898
74 38.935
75 44.5991
76 39.21
77 34.3129
78 36.788
79 37.4738
80 42.3239
81 39.6737
82 41.6007
83 40.6547
84 42.5542
85 35.1574
86 36.6342
87 41.569
88 38.3736
89 35.4161
90 37.33
91 35.1526
92 35.1396
93 36.7702
94 36.2316
95 38.8155
96 35.7112
97 35.1926
98 35.5692
99 30.4378
100 31.6461
101 36.2024
102 37.9465
103 41.7485
104 40.7066
105 33.7627
106 35.4595
107 34.0694
108 34.8646
109 34.0133
110 41.1012
111 35.725
112 39.0422
113 37.5481
114 38.5435
115 35.781
116 34.5959
117 34.8352
118 32.0936
119 36.7327
120 67.153
