1 12.9864
2 16.5332
3 16.1559
4 16.5207
5 17.9824
6 20.2684
7 17.3948
8 15.6401
9 16.4022
10 18.7031
11 19.0612
12 25.4945
13 25.1708
14 20.2652
15 16.8872
16 16.0632
17 15.6664
18 16.9114
19 18.2622
20 19.2936
21 24.4459
22 25.3516
23 29.2243
24 29.0583
25 29.56
26 30.424
27 31.3892
28 30.4761
29 23.8129
30 20.9237
31 15.8533
32 19.1741
33 19.4253
34 19.9654
35 19.3253
36 16.9107
37 14.9089
38 14.9532
39 16.3931
40 22.7418
41 23.1447
42 29.501
43 21.326
44 16.8193
45 15.9042
46 15.6085
47 15.7652
48 17.4432
49 19.4572
50 22.4454
51 27.7449
52 22.3401
53 24.2277
54 30.4645
55 33.6866
56 31.1057
57 39.9159
58 32.6594
59 29.5572
60 33.6008
61 29.6673
62 29.8356
63 33.7422
64 35.8734
65 35.1299
66 31.0739
67 33.5851
68 34.9472
69 33.0816
70 32.2189
71 36.9243
72 36.5751
73 31.5303
74 35.2311
75 32.7994
76 34.7453
77 33.7104
78 32.8954
79 34.9271
80 34.2333
81 39.0841
82 35.5868
83 34.5978
84 35.6751
85 31.8558
86 19.7753
87 22.2082
88 30.7483
89 31.5869
90 35.1266
91 26.6504
92 31.9664
93 33.4585
94 30.4228
95 32.3795
96 33.3536
97 33.7994
98 31.6057
99 33.6488
100 33.88
101 31.7219
102 32.9709
103 30.2726
104 32.8505
105 30.6698
106 33.0995
107 31.8744
108 30.3743
109 30.3383
110 31.0597
111 29.7313
112 32.4219
113 28.7094
114 25.7669
115 25.7601
116 30.2318
117 33.5802
118 32.2986
119 29.0192
120 63.5606
