1 14.0637
2 13.4741
3 13.1862
4 14.0837
5 13.1233
6 15.1894
7 16.6619
8 15.9407
9 15.3436
10 15.0582
11 17.1674
12 17.3895
13 20.4433
14 20.8833
15 20.3777
16 17.4754
17 16.1645
18 18.5401
19 18.2035
20 20.4467
21 21.9253
22 21.5517
23 22.7477
24 22.8215
25 29.4954
26 31.8771
27 34.5234
28 35.9741
29 34.3957
30 36.5623
31 36.1281
32 31.4003
33 26.2314
34 33.465
35 29.1573
36 42.3687
37 42.3632
38 35.3974
39 23.4141
40 43.6818
41 28.4527
42 38.011
43 38.6904
44 35.1367
45 39.3081
46 30.0448
47 27.6997
48 22.1746
49 33.4801
50 40.8898
51 38.9988
52 33.7713
53 39.9137
54 41.1492
55 41.6733
56 47.0414
57 40.3699
58 31.4601
59 41.4042
60 26.0673
61 27.7615
62 25.4658
63 30.2317
64 30.047
65 27.1225
66 38.3605
67 36.996
68 24.8617
69 20.8591
70 28.0301
71 32.981
72 33.7454
73 31.726
74 32.7535
75 28.5707
76 30.9139
77 30.5064
78 29.8226
79 34.0892
80 27.8228
81 27.7204
82 34.2192
83 30.7673
84 31.5533
85 34.1438
86 31.9808
87 34.672
88 36.4221
89 38.2917
90 36.3402
91 34.7131
92 33.9795
93 35.8763
94 34.8364
95 29.8197
96 30.6543
97 35.0865
98 31.7478
99 34.5521
100 28.0494
101 32.709
102 30.1644
103 33.1159
104 32.7468
105 25.4323
106 33.7176
107 28.2566
108 30.4359
109 30.2487
110 29.0589
111 30.5428
112 28.5247
113 30.8062
114 27.8568
115 31.5344
116 30.662
117 31.103
118 30.8989
119 26.2871
120 50.1591
