1 22.5625
2 23.4488
3 23.0105
4 23.1504
5 27.1187
6 32.715
7 35.3064
8 38.0232
9 38.6148
10 40.9261
11 37.5059
12 34.3573
13 39.2527
14 39.416
15 32.5131
16 40.2629
17 32.0502
18 35.3556
19 34.5535
20 34.0443
21 32.7901
22 36.1554
23 31.6341
24 35.6168
25 31.4167
26 31.5295
27 35.1343
28 34.5258
29 30.9566
30 34.6023
31 30.809
32 33.0958
33 28.8833
34 33.0011
35 27.7977
36 29.6854
37 31.6178
38 32.3424
39 28.227
40 34.3404
41 35.6997
42 32.2335
43 41.0458
44 35.7732
45 34.9707
46 28.4381
47 32.1402
48 22.1445
49 34.1135
50 32.2507
51 29.4033
52 23.2708
53 33.8882
54 32.9941
55 31.1996
56 29.8579
57 25.7823
58 24.83
59 39.2086
60 33.6147
61 35.8429
62 29.9008
63 34.2604
64 33.8567
65 34.1439
66 36.1642
67 28.4939
68 32.9911
69 29.2595
70 29.6823
71 19.1297
72 25.0554
73 35.1775
74 37.1066
75 35.6096
76 35.1053
77 32.7153
78 32.8914
79 30.2636
80 32.8991
81 34.2361
82 31.1457
83 32.9058
84 33.1169
85 32.4403
86 24.2337
87 34.8353
88 31.8914
89 30.8883
90 35.5837
91 33.8685
92 32.7654
93 34.7115
94 20.6394
95 15.2515
96 32.7566
97 32.1124
98 32.811
99 30.2085
100 33.0018
101 31.3776
102 27.8851
103 29.1607
104 29.1083
105 29.8393
106 31.3796
107 30.7798
108 28.213
109 31.4366
110 31.0123
111 28.274
112 29.9488
113 28.9371
114 31.5947
115 29.1178
116 31.492
117 25.9347
118 26.0011
119 32.8573
120 45.8744
