1 7.80594
2 10.0862
3 10.3966
4 12.5443
5 11.4658
6 13.1844
7 17.162
8 22.5119
9 24.6124
10 25.3661
11 39.537
12 39.4789
13 44.2417
14 42.0131
15 37.0783
16 39.2322
17 39.6085
18 34.499
19 34.3568
20 35.2393
21 30.2131
22 36.5282
23 36.7294
24 35.5433
25 29.4466
26 31.4684
27 34.7658
28 31.0818
29 32.0993
30 33.0258
31 33.823
32 32.6256
33 27.347
34 31.7371
35 29.5346
36 28.0171
37 32.4458
38 30.7082
39 29.6811
40 32.6761
41 33.9199
42 30.7892
43 37.3372
44 37.9359
45 38.6431
46 25.8791
47 35.1876
48 24.7775
49 30.9289
50 38.2589
51 27.6049
52 22.6194
53 31.4529
54 30.1223
55 31.2905
56 26.7069
57 30.9863
58 22.8622
59 36.9398
60 29.8527
61 27.7057
62 25.1997
63 30.0817
64 30.957
65 31.2027
66 38.4167
67 26.5703
68 29.2637
69 28.7734
70 23.635
71 20.9695
72 26.6883
73 30.9759
74 37.1459
75 34.36
76 31.9092
77 30.4681
78 30.8467
79 27.7352
80 29.8059
81 30.3862
82 31.6766
83 32.0907
84 31.9234
85 36.3586
86 29.437
87 30.4232
88 30.6252
89 29.9078
90 31.8348
91 31.81
92 33.9021
93 34.0429
94 24.3236
95 16.5662
96 29.7408
97 29.0332
98 27.722
99 29.5208
100 26.8736
101 30.9069
102 27.3458
103 24.9613
104 31.1692
105 32.1209
106 30.7044
107 27.8586
108 28.8333
109 27.3522
110 26.1147
111 26.1312
112 28.4585
113 29.7997
114 28.3777
115 26.1781
116 29.9515
117 27.5384
118 29.2158
119 27.8438
120 42.901
