1 14.5791
2 18.4396
3 18.9622
4 19.8514
5 33.6587
6 43.499
7 44.6315
8 45.3149
9 38.5357
10 46.273
11 45.3156
12 40.5351
13 32.6885
14 40.5598
15 33.7474
16 37.9506
17 33.3764
18 35.8567
19 32.2624
20 33.529
21 31.2803
22 31.9719
23 30.6411
24 31.4149
25 29.6167
26 31.9275
27 31.9125
28 28.4092
29 38.3276
30 38.2299
31 34.8758
32 33.0763
33 30.8166
34 28.7619
35 32.4544
36 32.8387
37 30.2446
38 29.4025
39 25.7004
40 36.8951
41 26.3653
42 31.3612
43 42.5448
44 23.1453
45 36.9863
46 29.2102
47 39.7715
48 22.0716
49 20.8844
50 25.0298
51 30.31
52 45.6282
53 43.6562
54 32.6088
55 35.4738
56 31.7928
57 34.7123
58 31.262
59 33.1132
60 32.9285
61 30.863
62 30.6979
63 30.8126
64 34.9583
65 34.0837
66 25.8666
67 31.3161
68 37.2151
69 33.0181
70 34.5822
71 38.6092
72 35.404
73 32.8209
74 33.7149
75 32.6225
76 30.9792
77 31.9033
78 33.0369
79 35.3465
80 34.0329
81 35.9892
82 34.0554
83 32.0466
84 35.0006
85 33.3057
86 21.5827
87 21.8765
88 28.8559
89 34.07
90 31.1729
91 25.8553
92 23.7865
93 25.7612
94 31.574
95 30.7572
96 32.6542
97 30.9895
98 27.2243
99 28.9875
100 29.3706
101 31.6219
102 27.4452
103 28.2718
104 27.5221
105 26.6879
106 33.135
107 27.5071
108 26.9528
109 26.8175
110 28.6559
111 29.137
112 26.8634
113 25.7211
114 31.3464
115 31.2041
116 24.5454
117 24.9691
118 24.3646
119 26.0182
120 40.9307
