1 10.1908
2 11.6163
3 12.0738
4 12.0973
5 15.7159
6 14.9301
7 14.3542
8 11.9516
9 13.8597
10 15.6091
11 17.1447
12 19.6279
13 19.6531
14 20.3774
15 18.3374
16 16.7842
17 21.0989
18 23.9574
19 24.2496
20 27.7943
21 29.1637
22 27.3139
23 23.5741
24 22.8481
25 23.619
26 26.0378
27 25.7345
28 20.3221
29 21.5845
30 23.5873
31 23.5257
32 23.312
33 24.0335
34 29.995
35 30.1709
36 27.1524
37 29.5988
38 31.783
39 27.6026
40 31.9209
41 34.1587
42 31.3695
43 39.2723
44 19.0212
45 19.322
46 18.5976
47 18.9917
48 11.8173
49 10.8491
50 15.5397
51 15.9346
52 16.5742
53 16.4259
54 14.3992
55 17.467
56 18.5218
57 22.4864
58 24.8248
59 36.3734
60 29.1945
61 32.9536
62 27.5654
63 34.2075
64 34.2922
65 25.8849
66 27.185
67 26.4859
68 33.3249
69 31.2399
70 25.7806
71 20.8999
72 28.9761
73 25.3573
74 21.6325
75 30.3658
76 34.0933
77 34.7696
78 32.6771
79 31.1391
80 34.3263
81 36.1625
82 38.5319
83 29.8362
84 35.5324
85 36.8788
86 27.2356
87 30.0683
88 28.7668
89 33.249
90 34.3055
91 35.8035
92 36.7456
93 35.5952
94 23.5604
95 20.1065
96 34.5541
97 32.178
98 34.7064
99 34.2114
100 33.788
101 36.9668
102 33.991
103 35.9457
104 33.7771
105 34.1817
106 33.3868
107 33.4598
108 32.9896
109 35.5674
110 31.7249
111 33.9345
112 32.5988
113 33.8079
114 32.6663
115 31.2733
116 33.8487
117 29.525
118 26.4138
119 34.81
120 40.3727
