1 20.7281
2 22.8921
3 18.2562
4 19.635
5 22.1593
6 23.6206
7 22.5331
8 29.2516
9 28.3618
10 24.0126
11 26.3947
12 28.5565
13 30.2095
14 30.4089
15 28.4071
16 35.3625
17 30.1707
18 24.7704
19 25.5627
20 25.0947
21 27.3171
22 21.1118
23 20.3208
24 22.0066
25 21.952
26 18.2141
27 18.0188
28 16.9471
29 19.8939
30 29.5608
31 31.1334
32 29.1069
33 26.047
34 33.2861
35 26.8614
36 34.9685
37 26.7291
38 22.3059
39 17.3034
40 17.3695
41 13.5998
42 13.4309
43 15.1409
44 22.4392
45 25.1524
46 25.108
47 24.0541
48 24.9226
49 33.5843
50 26.0386
51 24.1278
52 23.2835
53 22.5273
54 21.857
55 24.0774
56 24.4633
57 19.502
58 22.9884
59 26.3663
60 24.7145
61 27.1288
62 26.8521
63 27.9794
64 27.3704
65 27.8989
66 38.5802
67 35.6111
68 23.3827
69 20.1053
70 29.113
71 34.1935
72 36.4099
73 35.7587
74 41.0544
75 37.6354
76 37.2478
77 33.7342
78 35.2531
79 36.5629
80 30.6482
81 31.9753
82 37.4809
83 32.8751
84 30.2454
85 36.273
86 35.0638
87 38.9327
88 39.736
89 40.3059
90 40.1005
91 35.287
92 34.3773
93 35.1126
94 32.9757
95 31.7738
96 32.8052
97 33.9894
98 29.474
99 31.0658
100 33.0656
101 38.2801
102 34.0378
103 35.4331
104 33.7624
105 32.1928
106 30.589
107 34.5677
108 35.8699
109 33.7346
110 32.546
111 33.7605
112 32.5531
113 33.3918
114 29.2627
115 32.6776
116 29.9916
117 29.9892
118 27.5275
119 27.7044
120 48.1411
