1 20.3975
2 22.2563
3 21.5273
4 22.2798
5 19.9256
6 30.3738
7 35.2075
8 39.8918
9 43.8163
10 44.9221
11 39.7483
12 38.1398
13 42.7432
14 35.3095
15 29.4602
16 35.9167
17 32.7205
18 44.786
19 43.0617
20 46.56
21 41.3567
22 35.2876
23 37.3755
24 40.7163
25 39.477
26 39.7958
27 41.6671
28 33.823
29 37.0738
30 32.905
31 28.8406
32 30.7448
33 23.8955
34 33.4606
35 29.424
36 41.7145
37 42.9902
38 35.5466
39 25.4475
40 45.2312
41 31.7588
42 39.5756
43 39.6446
44 33.4629
45 36.4477
46 33.9367
47 28.1383
48 24.7445
49 31.9497
50 40.8822
51 41.0645
52 31.5302
53 32.8637
54 37.5433
55 40.6265
56 45.0728
57 31.9095
58 30.1511
59 35.1452
60 24.0945
61 23.004
62 25.0827
63 28.0599
64 22.6476
65 26.9755
66 35.4966
67 32.8596
68 19.8753
69 17.9188
70 24.6012
71 33.3606
72 32.0543
73 29.8952
74 33.2731
75 30.3576
76 34.3446
77 32.3223
78 29.4701
79 33.3285
80 29.3623
81 27.3496
82 32.7026
83 35.0807
84 35.3205
85 31.7921
86 35.9749
87 36.2161
88 36.8159
89 34.4201
90 39.2922
91 31.9566
92 31.9476
93 29.0032
94 25.4431
95 28.1228
96 30.4236
97 30.6874
98 28.1316
99 30.7689
100 31.7144
101 30.444
102 29.8348
103 26.7609
104 27.2022
105 30.7024
106 33.4864
107 26.4728
108 28.4009
109 31.7084
110 33.6239
111 32.9959
112 32.4602
113 27.5746
114 28.0942
115 31.0919
116 33.3873
117 29.9895
118 27.6883
119 29.985
120 53.5608
