1 13.0588
2 14.7293
3 14.9146
4 14.8811
5 15.3772
6 17.9451
7 18.4368
8 17.5122
9 13.364
10 14.4971
11 19.4209
12 26.1704
13 29.2121
14 38.9104
15 40.7422
16 46.2495
17 41.8945
18 39.5429
19 31.1039
20 32.3082
21 35.0483
22 30.6767
23 32.9754
24 30.6103
25 28.7115
26 29.1303
27 31.6279
28 28.8192
29 21.3787
30 23.9855
31 22.6589
32 31.242
33 33.0173
34 26.025
35 38.1869
36 28.4356
37 26.584
38 25.9805
39 28.3676
40 36.8085
41 27.4492
42 26.892
43 41.8124
44 22.7953
45 38.1031
46 29.7516
47 43.4583
48 21.9678
49 17.9021
50 23.4527
51 32.0674
52 43.9776
53 41.9332
54 35.7328
55 38.2758
56 37.8775
57 39.4532
58 33.1267
59 30.2508
60 31.4138
61 29.3606
62 31.077
63 29.0363
64 33.6973
65 34.925
66 29.9748
67 33.1247
68 34.9632
69 32.4621
70 34.8205
71 33.8738
72 32.1505
73 30.6499
74 37.0844
75 32.9107
76 31.0908
77 31.0326
78 35.5924
79 38.3063
80 32.8345
81 39.6775
82 35.5295
83 35.6124
84 35.3024
85 29.4623
86 19.6628
87 18.4884
88 32.7482
89 34.5842
90 34.3265
91 30.413
92 32.1428
93 32.0976
94 30.9458
95 31.0231
96 34.4591
97 33.4611
98 30.9076
99 31.1542
100 31.0098
101 31.7129
102 31.6489
103 33.6848
104 35.9686
105 34.8651
106 32.5263
107 27.9746
108 31.7628
109 33.0052
110 31.2156
111 31.9866
112 33.577
113 32.2235
114 33.2614
115 33.9583
116 31.9384
117 32.1543
118 31.7419
119 30.1561
120 45.8383
