1 31.2232
2 31.6497
3 19.6052
4 18.3112
5 17.7934
6 19.7205
7 23.9154
8 22.7985
9 27.6452
10 28.8802
11 31.1416
12 34.8929
13 39.3414
14 38.2059
15 38.252
16 34.0058
17 31.3361
18 29.5381
19 29.3611
20 27.7767
21 36.3059
22 27.906
23 30.0565
24 32.0049
25 35.0244
26 33.8505
27 35.8271
28 38.1261
29 37.1201
30 36.2485
31 31.5669
32 27.9752
33 26.5713
34 28.6255
35 35.8787
36 29.5616
37 25.0148
38 32.731
39 28.0334
40 26.6941
41 31.7824
42 25.3863
43 27.6833
44 34.9871
45 31.628
46 29.9087
47 40.9447
48 36.2622
49 35.5614
50 22.4171
51 28.8166
52 30.0861
53 30.5602
54 37.7455
55 34.8046
56 33.6107
57 34.843
58 35.4163
59 31.1667
60 30.7277
61 31.2881
62 28.9378
63 33.3782
64 26.3118
65 30.9478
66 31.7658
67 34.9041
68 32.1733
69 28.8926
70 32.7023
71 30.1998
72 28.9735
73 31.0753
74 30.9243
75 28.1221
76 30.3069
77 32.1907
78 26.5277
79 31.3717
80 34.4126
81 34.901
82 34.7908
83 27.7179
84 28.4492
85 30.9859
86 33.3964
87 35.6567
88 29.2933
89 27.436
90 30.3827
91 25.7187
92 30.4978
93 28.9117
94 27.7381
95 31.3215
96 26.9981
97 27.5853
98 29.4542
99 26.0413
100 22.7935
101 32.634
102 32.7874
103 30.5452
104 32.3746
105 32.9061
106 32.0373
107 31.3552
108 28.8604
109 31.068
110 24.1489
111 28.7441
112 27.4143
113 33.0922
114 29.6926
115 27.4114
116 30.8508
117 28.4504
118 34.7016
119 29.4287
120 46.4796
