1 39.6215
2 45.0227
3 39.9121
4 38.5654
5 40.701
6 36.3461
7 49.2369
8 40.9137
9 55.4901
10 47.6045
11 41.8317
12 37.4371
13 38.2629
14 34.9481
15 36.2764
16 33.2897
17 33.8033
18 31.8387
19 35.2594
20 26.6691
21 36.2622
22 28.1281
23 31.2447
24 28.6735
25 33.3365
26 30.5229
27 31.7456
28 34.8669
29 37.1573
30 31.0444
31 31.6442
32 26.3072
33 28.3809
34 24.7203
35 34.6704
36 29.5969
37 26.5664
38 35.897
39 33.178
40 29.4413
41 33.7625
42 22.5668
43 25.5281
44 31.109
45 31.4252
46 28.6039
47 43.1123
48 34.5333
49 35.6595
50 24.8424
51 32.3977
52 33.2291
53 32.8065
54 40.7028
55 42.8725
56 34.7842
57 34.0109
58 36.0906
59 27.6894
60 38.9547
61 32.1275
62 34.3691
63 28.9216
64 29.1136
65 34.2718
66 33.6841
67 34.6668
68 37.4458
69 35.7488
70 36.3386
71 35.1452
72 35.1991
73 38.0648
74 35.9179
75 33.045
76 36.049
77 36.992
78 33.7855
79 36.1417
80 35.2343
81 33.5292
82 34.5624
83 32.0592
84 32.2856
85 34.6403
86 35.6974
87 35.9048
88 36.3848
89 32.2942
90 36.3263
91 26.4654
92 34.5317
93 33.9331
94 30.3733
95 31.5487
96 32.9892
97 32.2423
98 29.9277
99 22.2515
100 23.0569
101 32.0653
102 28.4796
103 32.0507
104 29.5548
105 32.208
106 33.1526
107 33.5694
108 32.3157
109 32.5358
110 30.7252
111 35.8668
112 31.6418
113 28.9849
114 35.8209
115 32.0934
116 32.6749
117 31.5217
118 32.9474
119 34.3515
120 43.2133
