1 45.6167
2 54.6169
3 54.3625
4 43.2404
5 39.5929
6 42.7626
7 40.6079
8 44.5641
9 54.0009
10 49.6353
11 44.8695
12 40.3666
13 37.2591
14 43.2992
15 38.7491
16 29.1643
17 30.6915
18 28.9764
19 33.1268
20 24.4712
21 39.2663
22 27.327
23 29.661
24 32.032
25 30.3345
26 29.5938
27 33.979
28 35.2821
29 35.8672
30 34.5461
31 30.4621
32 27.8761
33 31.5872
34 26.7756
35 37.1089
36 25.3176
37 29.4249
38 37.4039
39 29.7159
40 27.3284
41 34.145
42 23.344
43 24.9769
44 29.8036
45 29.3521
46 31.1683
47 41.5475
48 35.1131
49 32.3796
50 27.6333
51 32.3069
52 32.5468
53 34.5573
54 39.2489
55 38.7854
56 35.4361
57 33.343
58 36.6463
59 28.3809
60 36.1422
61 31.0353
62 34.0932
63 32.8282
64 28.8611
65 32.4069
66 38.863
67 36.7565
68 38.1384
69 35.288
70 35.2156
71 35.3096
72 35.501
73 35.5931
74 31.5782
75 35.4055
76 36.0282
77 33.9989
78 30.5941
79 36.9713
80 33.7429
81 31.5946
82 29.9226
83 32.0467
84 27.5298
85 35.1538
86 28.4012
87 30.0218
88 32.7788
89 31.4401
90 34.0856
91 27.6505
92 36.1714
93 31.4678
94 30.7999
95 29.7712
96 30.8894
97 32.6788
98 32.936
99 22.4992
100 23.6853
101 31.5579
102 33.0454
103 33.0471
104 32.5475
105 30.5972
106 29.5043
107 33.2241
108 31.0912
109 29.7663
110 30.4174
111 36.2452
112 28.6219
113 33.4784
114 32.3201
115 34.1791
116 32.2317
117 32.7539
118 29.3767
119 32.4317
120 50.5653
