1 5.70964
2 6.75177
3 7.02418
4 7.17159
5 7.68755
6 8.59726
7 10.4203
8 18.0336
9 22.7495
10 21.8125
11 20.4407
12 16.7962
13 16.6168
14 17.2164
15 18.7718
16 20.0682
17 22.038
18 22.1021
19 24.2124
20 23.029
21 20.1948
22 20.4664
23 20.5907
24 20.8383
25 20.3606
26 21.3312
27 23.547
28 21.6915
29 23.2557
30 24.011
31 22.6957
32 23.1427
33 22.8437
34 25.3778
35 28.7911
36 25.9416
37 30.0008
38 30.7012
39 29.7039
40 25.961
41 36.3185
42 35.7801
43 26.4272
44 30.861
45 33.4833
46 29.5641
47 27.4642
48 38.1156
49 24.9871
50 33.9732
51 32.6899
52 30.5958
53 33.8925
54 32.301
55 27.0984
56 26.7611
57 31.7445
58 33.5408
59 32.5625
60 17.4515
61 17.6733
62 18.1488
63 21.5195
64 20.5452
65 18.4365
66 19.551
67 19.6113
68 20.8315
69 22.6671
70 28.0875
71 36.0885
72 21.279
73 33.8143
74 37.3701
75 32.7129
76 24.4945
77 25.3317
78 26.5131
79 36.1668
80 36.1731
81 31.9683
82 35.5013
83 34.5032
84 33.1462
85 32.7218
86 32.1787
87 27.2715
88 32.2416
89 32.3851
90 36.0363
91 36.7749
92 35.1458
93 33.428
94 35.4006
95 32.9715
96 34.6795
97 36.3451
98 37.1716
99 36.3294
100 34.2546
101 32.9624
102 34.0579
103 28.0991
104 35.5597
105 34.7179
106 33.2594
107 30.0227
108 32.7829
109 34.755
110 33.9568
111 28.7495
112 31.9816
113 31.3378
114 32.5013
115 30.8827
116 31.8698
117 30.5138
118 34.4007
119 31.9296
120 77.5515
