1 5.14304
2 5.49131
3 5.95494
4 6.4161
5 7.86137
6 9.34397
7 9.78822
8 10.6636
9 12.6005
10 13.0725
11 13.4644
12 13.8752
13 13.7923
14 12.9873
15 14.0247
16 16.0438
17 18.1191
18 20.9962
19 24.2098
20 24.9137
21 26.7931
22 29.0275
23 27.2802
24 28.6637
25 27.7671
26 30.7085
27 29.342
28 28.3942
29 28.9489
30 28.9714
31 29.1019
32 28.0256
33 29.3212
34 30.2763
35 29.8776
36 26.7361
37 29.2434
38 28.685
39 29.6637
40 27.7998
41 36.1925
42 36.384
43 29.125
44 28.3434
45 27.2167
46 26.8432
47 25.6287
48 25.0362
49 24.2463
50 28.2443
51 28.8155
52 26.911
53 34.5863
54 31.2686
55 21.2592
56 24.1182
57 32.7581
58 34.2335
59 27.2613
60 22.5258
61 21.5282
62 20.1338
63 22.8845
64 19.0366
65 20.6923
66 20.2183
67 17.6976
68 23.6787
69 20.365
70 27.0338
71 31.5105
72 24.4469
73 29.4584
74 35.7136
75 33.7485
76 28.2255
77 24.0218
78 25.3316
79 30.9692
80 33.1722
81 31.6958
82 34.1451
83 31.9034
84 34.6921
85 32.0031
86 30.3488
87 23.7299
88 36.1351
89 31.8841
90 33.2448
91 31.2551
92 31.7213
93 32.0752
94 34.2488
95 32.9198
96 32.5204
97 32.543
98 31.9737
99 34.5637
100 33.3305
101 31.879
102 29.9107
103 31.5322
104 31.9676
105 32.6045
106 33.5044
107 27.7496
108 32.8169
109 31.5505
110 32.2125
111 32.307
112 32.8406
113 32.5904
114 32.4784
115 29.8942
116 32.4274
117 30.0759
118 32.251
119 30.5046
120 61.3749
