1 6.54285
2 7.8686
3 8.18899
4 11.0547
5 14.4224
6 27.1873
7 31.1721
8 32.6176
9 39.4597
10 40.6703
11 41.2483
12 38.3354
13 45.5164
14 41.0764
15 24.4554
16 26.7659
17 31.4669
18 29.7709
19 26.1352
20 27.3697
21 30.642
22 31.2942
23 34.782
24 33.3335
25 33.0093
26 29.9352
27 25.9256
28 23.5877
29 22.4065
30 23.7691
31 27.6892
32 31.2357
33 32.2176
34 26.8469
35 29.2516
36 32.9683
37 27.5318
38 28.9152
39 27.6676
40 25.0293
41 30.5866
42 28.7026
43 33.5014
44 30.7588
45 27.5366
46 25.2678
47 30.5702
48 30.7695
49 27.9842
50 27.5671
51 35.0715
52 28.5829
53 29.1817
54 27.7675
55 24.3738
56 30.78
57 27.0015
58 30.4108
59 32.4626
60 26.3748
61 33.0788
62 36.6424
63 26.0202
64 23.7649
65 22.8568
66 26.3374
67 36.4461
68 28.7211
69 22.0537
70 29.4688
71 34.1248
72 31.9404
73 23.9608
74 28.1893
75 33.6304
76 28.5559
77 31.2313
78 32.3574
79 32.7242
80 28.9138
81 30.7223
82 24.2477
83 31.2858
84 34.8304
85 32.1673
86 31.4042
87 33.1031
88 32.7673
89 32.6813
90 33.6606
91 33.8347
92 29.2485
93 29.9303
94 32.181
95 32.7951
96 29.252
97 31.6738
98 34.959
99 33.7779
100 29.837
101 32.6721
102 26.9107
103 27.527
104 32.2744
105 29.32
106 31.3698
107 26.8543
108 32.5728
109 30.7141
110 27.9626
111 30.6601
112 27.6452
113 30.3409
114 31.2316
115 30.8923
116 26.1133
117 31.4684
118 30.7276
119 20.252
120 50.7513
