1 11.8754
2 13.3613
3 13.1832
4 13.2758
5 12.5079
6 13.8853
7 15.613
8 16.16
9 16.2855
10 17.9419
11 17.1043
12 17.139
13 16.6975
14 17.5828
15 21.0806
16 20.2108
17 20.5844
18 20.8543
19 21.1667
20 22.2804
21 22.5591
22 22.9311
23 25.341
24 27.4307
25 26.4124
26 31.4036
27 34.1193
28 32.015
29 30.6173
30 28.6433
31 32.1192
32 33.1858
33 34.3211
34 31.4702
35 36.8125
36 29.6315
37 31.7711
38 25.6986
39 29.4457
40 34.0986
41 26.1542
42 28.8121
43 26.6158
44 33.6402
45 26.881
46 27.8944
47 26.5791
48 29.9776
49 29.7202
50 33.0142
51 35.3694
52 37.2086
53 34.5218
54 40.0674
55 25.3196
56 24.1581
57 24.8896
58 29.3897
59 25.2511
60 30.8089
61 23.0044
62 22.2364
63 24.275
64 20.2575
65 22.2622
66 35.6106
67 34.2947
68 40.9274
69 35.4299
70 37.6056
71 35.9656
72 36.0079
73 29.1139
74 31.3016
75 28.7479
76 32.012
77 32.2923
78 34.2751
79 24.7498
80 32.8673
81 25.8775
82 32.036
83 30.2979
84 30.9827
85 33.2359
86 31.5279
87 33.6503
88 30.3654
89 34.7072
90 32.5954
91 32.8163
92 28.5392
93 31.7696
94 27.098
95 26.2962
96 30.298
97 28.5194
98 31.6631
99 29.6596
100 31.852
101 31.5437
102 30.6119
103 32.4587
104 32.0635
105 29.8789
106 29.8305
107 30.1921
108 26.3986
109 29.3123
110 31.5078
111 29.9925
112 34.051
113 27.6925
114 28.5386
115 31.797
116 27.8936
117 31.6219
118 26.4954
119 28.8408
120 67.2831
