1 6.53945
2 7.46658
3 8.18372
4 11.0599
5 13.7826
6 16.6824
7 20.3717
8 21.2264
9 21.1292
10 26.0439
11 28.3684
12 29.6973
13 34.1021
14 36.3077
15 36.0144
16 37.54
17 41.3016
18 41.1489
19 37.0802
20 37.1971
21 41.02
22 39.6355
23 34.8363
24 36.1321
25 41.388
26 35.0254
27 34.2104
28 40.0571
29 30.5176
30 37.1352
31 38.6274
32 30.9326
33 35.4201
34 32.4542
35 30.7692
36 33.0819
37 33.4912
38 29.7635
39 31.6186
40 26.55
41 39.1196
42 35.0962
43 28.2151
44 31.9034
45 31.4673
46 28.8571
47 30.4007
48 39.229
49 26.9207
50 29.3578
51 33.9912
52 30.102
53 34.8553
54 32.3592
55 24.4673
56 25.2791
57 30.7343
58 36.234
59 33.1076
60 24.9851
61 23.5863
62 19.5858
63 22.4916
64 19.6196
65 20.8555
66 20.3886
67 18.9187
68 19.5048
69 20.9547
70 22.4642
71 34.5711
72 21.8657
73 28.459
74 36.5719
75 28.9258
76 25.5105
77 22.8904
78 24.789
79 36.5563
80 36.2727
81 37.2286
82 34.7251
83 32.8546
84 35.3108
85 37.3287
86 37.0265
87 26.2069
88 31.6243
89 31.5566
90 37.5139
91 32.7659
92 35.886
93 35.9505
94 36.1288
95 35.0126
96 35.3273
97 34.6886
98 35.9901
99 36.7469
100 36.7061
101 35.5561
102 33.9769
103 30.1105
104 31.4785
105 34.0675
106 33.2233
107 26.7992
108 31.5436
109 29.3938
110 36.5776
111 35.3762
112 32.1086
113 33.6587
114 36.2923
115 33.4511
116 35.7757
117 32.5277
118 32.613
119 33.6392
120 50.2884
