1 21.3006
2 27.4436
3 19.4856
4 15.0408
5 18.0392
6 20.5127
7 23.9693
8 30.2384
9 30.6432
10 32.0009
11 39.6789
12 36.4558
13 36.3897
14 39.3602
15 39.5181
16 41.6706
17 45.6266
18 46.2319
19 37.0954
20 44.304
21 40.653
22 40.4736
23 39.354
24 40.2375
25 36.7624
26 38.2875
27 36.5624
28 37.9834
29 31.3358
30 40.9609
31 35.6432
32 33.581
33 32.1626
34 29.0569
35 31.2482
36 33.9433
37 29.997
38 33.8682
39 34.6117
40 28.7585
41 41.1424
42 32.9291
43 26.933
44 29.7635
45 29.4558
46 25.4575
47 29.0254
48 33.7018
49 27.0664
50 29.0592
51 29.3452
52 30.0024
53 27.9174
54 30.8923
55 30.0418
56 25.6692
57 30.5984
58 25.9324
59 24.9681
60 29.3193
61 26.937
62 28.417
63 31.0529
64 32.7496
65 28.5729
66 27.7509
67 27.0898
68 33.9745
69 29.9868
70 31.8404
71 32.1842
72 38.3677
73 38.0254
74 31.505
75 37.6094
76 31.85
77 33.1059
78 34.6442
79 33.6406
80 33.8889
81 35.1257
82 32.8322
83 30.4375
84 34.3383
85 36.2474
86 34.5439
87 33.0334
88 33.8556
89 32.1293
90 34.087
91 38.8653
92 35.3747
93 33.9276
94 31.147
95 32.419
96 36.6863
97 34.2513
98 37.9427
99 32.3619
100 35.6874
101 33.8108
102 34.3481
103 34.6695
104 36.8169
105 35.4793
106 36.4567
107 29.7528
108 24.2634
109 35.8603
110 43.0742
111 41.6428
112 40.2978
113 29.298
114 25.572
115 28.1007
116 30.3728
117 25.1225
118 25.9654
119 26.7748
120 37.9588
