1 5.82406
2 7.47571
3 8.09084
4 7.88898
5 9.16204
6 10.1033
7 11.9412
8 12.4621
9 12.0631
10 12.1146
11 12.2252
12 12.5242
13 12.497
14 12.6113
15 12.3765
16 11.5548
17 11.6903
18 13.1249
19 16.0145
20 18.2672
21 20.0456
22 20.4684
23 19.6725
24 20.1217
25 19.9906
26 20.197
27 21.4905
28 22.4191
29 24.4279
30 23.0818
31 27.902
32 27.0091
33 30.4304
34 34.0383
35 31.3075
36 30.5212
37 29.3146
38 28.6385
39 26.2347
40 23.7855
41 29.387
42 29.6081
43 31.5226
44 34.9064
45 24.1204
46 27.2163
47 33.9397
48 31.0423
49 29.1453
50 26.8562
51 32.3622
52 29.454
53 30.5833
54 30.1148
55 25.8314
56 31.0648
57 27.532
58 33.0636
59 40.4645
60 30.8613
61 35.5618
62 32.359
63 23.3697
64 25.9068
65 28.4466
66 29.5183
67 34.9371
68 32.0375
69 22.0834
70 32.7451
71 36.3186
72 35.2416
73 28.3697
74 31.2945
75 29.2878
76 28.6833
77 34.6382
78 35.4955
79 35.062
80 29.6046
81 34.3851
82 24.5663
83 33.0294
84 32.808
85 33.5106
86 32.7058
87 34.8009
88 34.9598
89 33.4844
90 32.9297
91 34.3335
92 31.447
93 32.6631
94 33.6391
95 32.3733
96 33.344
97 34.1237
98 32.8814
99 30.6479
100 36.6472
101 33.4855
102 27.9719
103 28.3159
104 31.4101
105 35.7692
106 33.6523
107 33.0462
108 33.1234
109 28.45
110 32.1572
111 30.6973
112 31.4464
113 29.4132
114 29.6888
115 29.3182
116 32.6136
117 30.6709
118 30.858
119 28.8725
120 43.3329
