1 2.78965
2 2.86149
3 3.89764
4 4.78707
5 5.65363
6 6.22278
7 7.2972
8 9.13171
9 10.4056
10 10.5898
11 9.67967
12 10.1334
13 10.2917
14 10.5607
15 10.323
16 10.1652
17 10.4399
18 10.1831
19 10.3011
20 11.0526
21 11.0055
22 10.7191
23 11.1652
24 14.6192
25 18.0264
26 23.831
27 26.4762
28 27.9626
29 27.4011
30 27.7581
31 29.1478
32 29.522
33 28.8998
34 26.4152
35 34.7357
36 35.1984
37 34.4488
38 37.075
39 36.4544
40 34.1179
41 31.2393
42 32.3205
43 35.8554
44 32.7237
45 32.5981
46 33.1956
47 32.869
48 37.9508
49 34.1638
50 32.4763
51 31.2591
52 27.4697
53 27.351
54 27.0217
55 27.8003
56 27.1097
57 23.8219
58 26.3495
59 27.0544
60 28.1046
61 28.3811
62 25.6272
63 28.9463
64 22.5565
65 21.8924
66 24.4925
67 24.4804
68 26.9074
69 23.5844
70 25.2203
71 27.238
72 24.7944
73 25.2008
74 27.943
75 23.9301
76 24.196
77 21.4382
78 24.6141
79 24.3016
80 23.1966
81 22.6221
82 23.5375
83 24.1993
84 20.4439
85 20.2117
86 21.2815
87 22.0874
88 22.8636
89 20.8953
90 21.7466
91 20.24
92 22.8652
93 25.3348
94 26.26
95 24.3654
96 23.1882
97 23.3381
98 26.4285
99 26.4435
100 24.4738
101 20.751
102 20.8183
103 23.0254
104 22.1815
105 21.8605
106 21.0986
107 21.3947
108 23.399
109 21.1779
110 21.3486
111 22.9669
112 24.1757
113 23.861
114 24.1976
115 23.8388
116 22.6378
117 22.4604
118 20.9644
119 20.6805
120 36.0158
