1 16.2269
2 20.7201
3 20.6492
4 19.729
5 21.6272
6 20.5823
7 19.6052
8 19.8629
9 22.6876
10 26.0717
11 23.3548
12 22.1241
13 24.6728
14 29.7898
15 28.3159
16 24.5587
17 23.032
18 26.3516
19 21.6092
20 21.3999
21 23.2357
22 27.1175
23 36.858
24 35.9876
25 36.6864
26 28.861
27 28.1201
28 28.753
29 28.7609
30 36.0561
31 33.6106
32 35.5293
33 44.7974
34 44.8403
35 42.5858
36 41.0565
37 38.3804
38 35.52
39 34.951
40 36.4396
41 32.3177
42 27.3862
43 34.6109
44 36.6796
45 36.0182
46 40.6103
47 40.3918
48 38.7038
49 40.9917
50 37.8433
51 33.7182
52 24.7153
53 25.1322
54 25.6167
55 24.7874
56 22.8254
57 20.066
58 13.2882
59 11.5272
60 11.612
61 11.7152
62 13.9389
63 15.5188
64 13.7316
65 13.2481
66 12.9097
67 14.1654
68 11.6522
69 11.4934
70 9.31897
71 9.28231
72 11.8826
73 12.8125
74 12.5356
75 14.2121
76 14.4287
77 13.7973
78 14.9148
79 13.558
80 10.2637
81 10.7485
82 13.2259
83 13.1109
84 13.5578
85 17.7121
86 21.4046
87 22.101
88 21.1994
89 29.5406
90 27.9295
91 25.9243
92 25.3285
93 22.8683
94 25.5774
95 24.0261
96 26.8326
97 26.9158
98 25.9585
99 28.7665
100 25.0976
101 26.8674
102 26.1577
103 23.633
104 25.8786
105 29.2703
106 25.3671
107 24.8649
108 25.3607
109 27.3548
110 22.9209
111 22.7847
112 22.7765
113 21.1456
114 15.9841
115 15.4297
116 15.6445
117 15.4812
118 15.3507
119 12.8435
120 9.83393
