1 2.12537
2 2.64
3 3.44523
4 3.87736
5 4.54179
6 6.13042
7 6.5151
8 6.76194
9 6.9383
10 6.98056
11 7.25758
12 6.48155
13 6.50642
14 6.4258
15 6.68592
16 7.12543
17 7.80193
18 8.00165
19 9.24765
20 10.5466
21 9.491
22 11.4364
23 14.383
24 14.3997
25 13.6848
26 14.5959
27 14.9491
28 14.3396
29 13.5216
30 13.5896
31 13.7481
32 15.1082
33 14.75
34 15.2399
35 15.9424
36 16.6502
37 14.6028
38 14.8323
39 15.4061
40 15.0318
41 15.0545
42 15.1067
43 15.5516
44 19.724
45 29.2971
46 28.5492
47 21.5108
48 16.0356
49 17.6593
50 17.2805
51 16.8035
52 15.7242
53 16.7857
54 15.535
55 13.5745
56 15.0666
57 15.5088
58 16.5842
59 16.7366
60 15.7553
61 15.3779
62 15.3804
63 15.6657
64 15.623
65 14.2835
66 12.9049
67 13.0257
68 13.6514
69 13.6003
70 14.5847
71 14.4926
72 14.8543
73 16.9973
74 18.9942
75 22.2255
76 20.3338
77 22.3375
78 21.6466
79 24.7546
80 19.8752
81 23.6003
82 27.6942
83 24.5843
84 29.0492
85 28.1502
86 25.5166
87 25.9914
88 24.9908
89 24.7446
90 23.9636
91 24.0734
92 23.5856
93 21.4542
94 18.04
95 18.6891
96 20.5106
97 18.7834
98 22.1771
99 20.454
100 18.8752
101 22.2586
102 21.2715
103 21.2796
104 25.1378
105 23.8932
106 21.8543
107 17.0113
108 17.2197
109 18.1254
110 21.8711
111 19.5268
112 20.1942
113 18.894
114 23.5336
115 20.0873
116 18.4257
117 21.8113
118 17.9649
119 21.8061
120 40.9486
