1 2.33258
2 2.45415
3 2.28504
4 3.08824
5 3.39792
6 4.02112
7 4.54897
8 4.7847
9 5.19747
10 5.40537
11 5.63068
12 6.0636
13 6.7824
14 7.1074
15 7.08237
16 7.3719
17 7.27698
18 7.6531
19 9.18006
20 9.50202
21 10.0498
22 10.9391
23 11.4587
24 11.7416
25 11.3792
26 11.5839
27 12.3591
28 11.7062
29 13.3141
30 13.1801
31 11.7835
32 11.1863
33 8.62418
34 8.39721
35 8.5334
36 8.35998
37 8.56282
38 8.79947
39 9.19024
40 9.09659
41 9.18586
42 8.87355
43 8.27772
44 8.42054
45 11.0918
46 11.6579
47 11.1766
48 10.8306
49 10.8928
50 11.1722
51 13.4439
52 14.4485
53 14.3414
54 14.5034
55 16.0667
56 15.8873
57 16.8305
58 18.7975
59 21.1866
60 20.9192
61 22.498
62 24.9584
63 25.1968
64 25.1778
65 28.4097
66 25.234
67 21.6799
68 27.1418
69 27.7591
70 32.5987
71 33.6287
72 31.9006
73 31.8221
74 30.7587
75 38.7178
76 28.9559
77 32.2052
78 30.81
79 30.9068
80 43.2492
81 38.6121
82 28.7332
83 25.3482
84 31.7225
85 32.6273
86 29.0894
87 32.0056
88 30.2116
89 28.1726
90 29.247
91 27.5601
92 26.4114
93 25.1203
94 26.3575
95 27.6976
96 27.5336
97 26.858
98 25.5029
99 20.677
100 23.6795
101 23.1088
102 23.0278
103 21.3338
104 25.9129
105 23.471
106 24.7549
107 24.7244
108 24.2608
109 24.7565
110 22.8273
111 21.0663
112 20.1133
113 17.176
114 23.258
115 22.5595
116 24.6228
117 24.1926
118 25.7257
119 24.6275
120 39.2014
