1 3.67718
2 4.84777
3 4.52313
4 2.52318
5 2.36873
6 2.69101
7 3.12927
8 3.44528
9 3.98505
10 4.41818
11 4.81136
12 5.21739
13 5.02501
14 6.36799
15 7.63307
16 7.83512
17 8.18269
18 8.18015
19 8.93174
20 9.43238
21 9.82396
22 10.241
23 11.2473
24 11.8085
25 12.6489
26 13.4532
27 14.3309
28 15.2015
29 16.6771
30 17.0765
31 19.6637
32 19.1263
33 17.1428
34 15.3163
35 14.1704
36 15.7299
37 15.3436
38 12.3831
39 12.6435
40 12.405
41 12.1729
42 11.8046
43 11.3407
44 9.43534
45 8.79402
46 8.04045
47 7.75908
48 7.71256
49 7.9745
50 7.93657
51 8.03909
52 7.9956
53 8.15501
54 8.51539
55 8.95864
56 8.90248
57 9.06307
58 8.58651
59 9.00282
60 9.43758
61 9.03354
62 9.04741
63 9.53736
64 10.2019
65 10.4834
66 10.3948
67 10.662
68 12.1487
69 12.2544
70 12.4561
71 14.0275
72 14.2292
73 13.7169
74 13.542
75 12.4435
76 12.2092
77 12.7803
78 15.1971
79 12.9718
80 10.4636
81 10.735
82 11.0622
83 10.8865
84 10.9647
85 11.7782
86 12.1171
87 12.2881
88 11.652
89 12.3026
90 12.5978
91 12.695
92 13.7215
93 14.4016
94 15.7066
95 16.6194
96 15.1114
97 14.5317
98 15.6463
99 18.1193
100 14.8063
101 13.8689
102 13.7177
103 13.6614
104 13.1069
105 11.0216
106 10.1009
107 9.94492
108 9.75101
109 9.96243
110 10.7737
111 11.5737
112 12.9047
113 13.6545
114 13.8181
115 14.3553
116 16.8584
117 18.3095
118 22.5979
119 24.6952
120 26.1294
