1 1.71904
2 2.6424
3 2.88607
4 3.9706
5 5.41445
6 6.22629
7 7.25411
8 7.34091
9 6.95184
10 7.33646
11 7.21252
12 7.16017
13 7.65353
14 7.30386
15 7.07599
16 7.14001
17 6.8916
18 6.74634
19 6.63227
20 6.84218
21 7.08788
22 6.9688
23 6.67216
24 7.26234
25 7.72846
26 8.23124
27 8.56768
28 8.46201
29 9.25511
30 10.9103
31 10.8907
32 10.8311
33 13.0556
34 13.1592
35 12.6896
36 13.0457
37 14.9398
38 15.405
39 15.55
40 16.2599
41 17.0375
42 17.3048
43 17.0316
44 19.5089
45 21.3574
46 21.5327
47 21.5822
48 20.7762
49 19.243
50 19.4143
51 21.8079
52 21.8814
53 22.6628
54 23.73
55 24.1205
56 25.4405
57 23.94
58 28.448
59 25.8117
60 27.5488
61 28.5619
62 24.2347
63 26.281
64 24.2497
65 19.3026
66 23.5228
67 25.1713
68 22.0583
69 22.6483
70 22.0998
71 21.955
72 21.9055
73 24.0515
74 28.5209
75 23.1475
76 25.6509
77 24.073
78 22.6999
79 26.1446
80 24.6546
81 22.7273
82 23.4285
83 21.6375
84 20.8362
85 21.3842
86 18.2213
87 21.2648
88 22.7185
89 20.9462
90 21.3662
91 22.1404
92 21.9287
93 21.7984
94 24.8883
95 20.96
96 24.3018
97 24.036
98 24.1313
99 24.8029
100 20.5293
101 25.8352
102 24.6296
103 24.3157
104 22.8269
105 19.9639
106 24.0779
107 23.2107
108 23.699
109 22.6643
110 22.5634
111 23.6508
112 21.3673
113 23.1828
114 26.1516
115 22.3759
116 22.4867
117 19.5061
118 21.1497
119 20.7149
120 67.043
