1 2.74382
2 4.94547
3 5.36045
4 6.14591
5 4.68274
6 5.64191
7 6.50575
8 6.26387
9 6.59404
10 6.84864
11 9.63777
12 10.2635
13 11.4802
14 12.4459
15 12.3386
16 13.4607
17 14.3219
18 8.23414
19 6.75421
20 6.93999
21 7.38959
22 7.31872
23 8.67536
24 9.31023
25 10.0714
26 10.9836
27 14.5513
28 14.1406
29 12.9149
30 12.6512
31 13.0862
32 12.4487
33 14.5385
34 13.4379
35 12.7951
36 13.8087
37 14.8478
38 18.2074
39 18.9834
40 18.4478
41 21.7341
42 30.1876
43 52.2794
44 55.7816
45 60.5393
46 63.349
47 63.5333
48 63.7607
49 65.5336
50 70.024
51 63.9516
52 71.0043
53 66.331
54 68.8901
55 65.1902
56 67.3893
57 64.5297
58 68.5635
59 69.8397
60 61.3411
61 69.5738
62 70.5591
63 63.1326
64 64.1524
65 67.4899
66 65.1819
67 60.7264
68 68.4904
69 62.2134
70 70.5369
71 60.1056
72 69.3867
73 57.1955
74 67.7564
75 68.6245
76 68.0529
77 60.0605
78 63.733
79 66.6735
80 61.8975
81 68.1798
82 64.5936
83 67.7376
84 53.0937
85 59.2339
86 69.4058
87 66.8275
88 62.1895
89 64.1895
90 60.5829
91 69.8241
92 56.4835
93 62.7496
94 59.935
95 59.5465
96 62.9608
97 50.0779
98 61.4596
99 61.2851
100 59.235
101 64.8416
102 55.7507
103 64.6975
104 65.676
105 68.0175
106 64.4992
107 69.1592
108 67.4292
109 59.7515
110 64.4471
111 57.9897
112 51.001
113 46.4671
114 49.7473
115 42.9587
116 51.3311
117 36.706
118 39.9671
119 36.6349
120 118.408
