1 3.92375
2 5.08058
3 5.57062
4 6.09846
5 6.25898
6 6.60886
7 7.23092
8 8.17926
9 8.87215
10 9.91374
11 8.8898
12 8.84705
13 10.2363
14 10.0868
15 14.2471
16 14.9618
17 15.4435
18 15.4297
19 17.4068
20 17.639
21 18.0578
22 18.5593
23 17.0792
24 17.2423
25 17.4715
26 18.8401
27 18.3884
28 22.9863
29 21.664
30 21.1729
31 19.9002
32 20.4547
33 19.8657
34 21.3856
35 24.4801
36 21.8913
37 21.3789
38 22.0286
39 20.2382
40 19.5922
41 19.3856
42 20.8493
43 21.6342
44 24.0556
45 28.5864
46 31.6531
47 36.5158
48 36.7371
49 34.4235
50 33.5863
51 35.1829
52 32.1817
53 27.6389
54 29.5955
55 28.6888
56 31.6382
57 30.609
58 28.0036
59 30.6936
60 30.627
61 25.8309
62 27.3775
63 24.862
64 23.6735
65 22.8749
66 26.5886
67 24.3293
68 27.7235
69 28.6798
70 28.9367
71 25.529
72 23.2475
73 25.7453
74 25.2508
75 20.3927
76 22.9001
77 21.4512
78 22.0426
79 22.3452
80 21.5361
81 22.4001
82 22.4756
83 26.326
84 27.8392
85 26.8388
86 24.1223
87 24.3394
88 24.3838
89 23.6637
90 28.469
91 26.0687
92 24.4286
93 24.2392
94 18.6703
95 18.4706
96 25.5436
97 21.7741
98 22.6302
99 17.2108
100 17.4963
101 21.1517
102 17.3133
103 19.0905
104 22.5396
105 26.5892
106 24.7004
107 20.3464
108 20.0448
109 22.0506
110 19.4759
111 18.1332
112 19.6869
113 21.4614
114 24.7626
115 21.1034
116 19.2309
117 20.0868
118 15.896
119 21.0045
120 40.0852
