1 3.90399
2 4.56347
3 4.50092
4 3.99976
5 3.90218
6 4.03498
7 4.36811
8 4.45041
9 4.41956
10 5.03225
11 6.23909
12 6.44017
13 7.00185
14 7.31125
15 8.30628
16 8.63057
17 11.2919
18 10.3808
19 11.8877
20 13.0856
21 13.511
22 12.7681
23 12.0777
24 11.9093
25 11.1585
26 11.5198
27 12.7636
28 15.2773
29 14.6647
30 14.8676
31 14.2298
32 13.7071
33 13.5885
34 13.6661
35 13.3796
36 13.461
37 11.3194
38 10.6302
39 11.3951
40 11.6994
41 11.8114
42 12.3081
43 11.4288
44 10.0546
45 8.93135
46 8.95315
47 9.45234
48 10.1812
49 9.37542
50 9.00526
51 9.44797
52 9.14082
53 10.0918
54 10.9803
55 9.42758
56 8.86713
57 9.95086
58 10.128
59 10.1717
60 10.5303
61 10.5342
62 10.8791
63 10.8058
64 12.2202
65 12.6663
66 12.5391
67 12.5151
68 12.608
69 11.8812
70 11.489
71 11.3786
72 11.1892
73 10.9276
74 11.7713
75 12.8891
76 13.155
77 13.907
78 13.6934
79 12.4438
80 12.5013
81 11.4529
82 10.6702
83 9.92123
84 9.29808
85 10.1392
86 10.1372
87 10.1585
88 10.7575
89 11.0364
90 11.3726
91 11.1122
92 10.7902
93 11.0138
94 13.3202
95 13.9564
96 14.1248
97 17.1483
98 16.3864
99 14.3761
100 13.4711
101 13.3769
102 11.9505
103 7.94209
104 7.92843
105 7.97168
106 7.69921
107 7.87043
108 9.63843
109 10.8203
110 10.4983
111 10.4512
112 11.0444
113 11.9936
114 13.3353
115 13.5464
116 13.283
117 11.3194
118 10.3067
119 10.6116
120 11.2395
