1 5.89131
2 8.07607
3 7.7399
4 8.90339
5 9.52829
6 7.8106
7 7.97306
8 10.5728
9 12.6012
10 12.2906
11 12.0091
12 11.7257
13 11.5544
14 14.3975
15 15.6749
16 16.1954
17 19.3868
18 19.4537
19 19.4568
20 23.7268
21 26.0178
22 28.7711
23 28.3368
24 23.5616
25 25.7202
26 31.5044
27 33.3944
28 34.2551
29 31.5683
30 32.3419
31 32.7664
32 33.4211
33 35.7377
34 41.3838
35 43.7077
36 46.3181
37 46.7949
38 40.4058
39 40.4782
40 43.4354
41 45.7121
42 41.4095
43 39.9492
44 39.5254
45 45.0514
46 37.213
47 40.8143
48 47.6051
49 43.5289
50 43.3052
51 49.1166
52 44.8207
53 39.0304
54 37.5305
55 40.1042
56 28.8486
57 42.7544
58 43.8819
59 45.6894
60 42.7647
61 42.4206
62 38.5941
63 36.466
64 45.6669
65 40.8953
66 40.0273
67 36.5955
68 39.4846
69 37.6415
70 39.7887
71 41.3105
72 35.6823
73 38.9371
74 30.6493
75 39.9823
76 29.6083
77 38.0565
78 30.2402
79 27.4414
80 29.2968
81 33.6936
82 32.8367
83 27.7363
84 33.3953
85 29.0415
86 32.6473
87 33.6663
88 45.8338
89 40.6953
90 39.2338
91 32.6947
92 37.5126
93 36.3152
94 37.9991
95 34.852
96 37.8912
97 34.7733
98 34.3027
99 33.6026
100 30.5185
101 36.3694
102 34.7241
103 36.0364
104 34.4355
105 31.2082
106 33.0095
107 27.1398
108 31.5808
109 31.9496
110 39.6652
111 27.2703
112 35.19
113 37.2782
114 34.6025
115 31.2634
116 31.9649
117 26.0505
118 39.1014
119 32.3247
120 48.3566
