1 4.61109
2 5.2953
3 5.82119
4 5.47043
5 6.13528
6 8.00163
7 8.61084
8 8.18501
9 7.20253
10 6.48854
11 6.48294
12 6.46983
13 6.421
14 7.40259
15 7.7893
16 7.88161
17 7.66697
18 7.78641
19 7.64671
20 7.61098
21 7.101
22 7.35855
23 7.81916
24 9.04472
25 9.98188
26 9.83259
27 9.56376
28 9.50529
29 10.1747
30 9.08864
31 9.22111
32 8.71354
33 8.66259
34 8.54492
35 9.01697
36 8.4114
37 7.83464
38 8.49012
39 9.70426
40 10.246
41 10.3152
42 10.2762
43 10.2975
44 9.59636
45 11.117
46 11.7952
47 11.0233
48 11.8925
49 12.8347
50 13.6331
51 13.1836
52 13.5661
53 14.2169
54 13.8374
55 15.6967
56 15.6761
57 15.4172
58 16.8819
59 17.3969
60 17.3852
61 18.5022
62 22.0203
63 27.9512
64 33.1628
65 32.7372
66 28.6884
67 34.1913
68 42.6532
69 38.1006
70 42.6631
71 37.9743
72 42.4926
73 41.3972
74 36.3531
75 42.9682
76 33.4834
77 33.6716
78 29.1366
79 31.0705
80 30.2714
81 30.3065
82 32.3174
83 26.7515
84 28.3309
85 33.3919
86 31.2759
87 26.0451
88 25.0092
89 34.3319
90 32.0957
91 28.1077
92 24.5815
93 31.7622
94 30.0026
95 29.3315
96 30.84
97 32.5288
98 23.9384
99 28.5138
100 33.5997
101 40.7393
102 35.6934
103 34.2567
104 34.9522
105 33.6494
106 30.9528
107 35.9475
108 34.4799
109 34.2992
110 32.8115
111 37.8948
112 35.9865
113 42.8844
114 39.5004
115 41.1378
116 32.1309
117 43.2503
118 37.6686
119 42.6475
120 46.7401
