1 8.06698
2 8.10736
3 9.59332
4 13.4825
5 9.18867
6 9.71387
7 10.3624
8 10.0271
9 10.3601
10 10.5452
11 12.3602
12 12.2524
13 11.5756
14 12.224
15 12.1585
16 11.8743
17 14.7694
18 16.4937
19 15.8202
20 18.3194
21 17.8937
22 17.5477
23 11.0536
24 8.92756
25 8.79477
26 9.55573
27 10.436
28 11.041
29 10.3556
30 9.85697
31 10.9822
32 13.8416
33 14.4503
34 18.9094
35 23.1699
36 25.0287
37 24.5238
38 25.6895
39 29.433
40 23.4611
41 24.9212
42 25.8316
43 28.0864
44 29.0649
45 26.4253
46 24.9987
47 24.27
48 23.4934
49 22.5569
50 23.3861
51 21.5676
52 13.4303
53 10.4055
54 10.5048
55 12.4917
56 13.079
57 13.3278
58 13.6363
59 14.134
60 15.2899
61 15.401
62 16.2341
63 15.5354
64 15.5905
65 16.5588
66 17.1179
67 17.0736
68 16.7162
69 17.1007
70 21.0242
71 25.3406
72 21.7836
73 21.6222
74 20.87
75 17.4827
76 18.8005
77 20.0307
78 25.4035
79 26.7192
80 30.7594
81 31.8041
82 30.8928
83 28.8471
84 28.3368
85 32.8402
86 32.1884
87 25.3246
88 22.6065
89 23.2047
90 25.1678
91 26.2458
92 27.0399
93 25.8324
94 26.1897
95 25.5545
96 20.7866
97 18.2294
98 20.4117
99 22.5025
100 20.8189
101 12.402
102 11.0921
103 11.1217
104 10.974
105 11.0969
106 11.6889
107 11.1375
108 11.1035
109 11.2626
110 9.70827
111 8.95683
112 8.45555
113 7.81777
114 7.68796
115 9.0321
116 8.97196
117 8.79623
118 7.14315
119 7.2941
120 7.96611
