1 4.42148
2 5.40636
3 5.91464
4 6.65433
5 6.99288
6 6.8613
7 7.36433
8 8.42442
9 8.2247
10 9.32516
11 10.7536
12 10.5369
13 10.3034
14 10.5695
15 11.0679
16 10.9263
17 10.4304
18 9.88645
19 8.96128
20 9.27676
21 9.7667
22 10.8983
23 11.1029
24 9.22208
25 10.2449
26 11.0674
27 10.6074
28 10.6878
29 11.233
30 10.3852
31 10.335
32 9.94048
33 10.3447
34 11.8128
35 11.6961
36 11.4514
37 11.6886
38 12.4452
39 12.1617
40 11.9897
41 11.8275
42 11.6936
43 12.8469
44 13.2745
45 14.4706
46 12.4405
47 10.727
48 11.4544
49 12.9701
50 13.5298
51 13.7709
52 14.8751
53 14.3964
54 14.7272
55 13.4972
56 12.937
57 9.9938
58 10.6449
59 11.2203
60 9.09581
61 7.42904
62 7.31997
63 8.15409
64 8.59805
65 9.25194
66 10.2204
67 10.6154
68 11.3697
69 12.4485
70 16.0176
71 16.5959
72 16.2756
73 17.4978
74 17.9497
75 20.6911
76 20.7086
77 24.0088
78 25.8251
79 22.6645
80 25.4486
81 31.278
82 29.571
83 29.1779
84 33.8609
85 28.7292
86 29.3517
87 32.0219
88 36.8558
89 43.2591
90 38.4821
91 36.4261
92 35.3481
93 37.9537
94 37.8293
95 31.3527
96 34.3817
97 38.4244
98 39.5266
99 35.443
100 33.6699
101 37.6523
102 38.0831
103 38.4701
104 37.5426
105 41.0726
106 38.3036
107 32.6428
108 35.8614
109 32.7742
110 39.1001
111 32.1724
112 42.3921
113 40.0337
114 40.9995
115 33.6693
116 38.3139
117 30.2795
118 41.321
119 33.5198
120 44.3376
