1 4.53991
2 5.70168
3 7.04654
4 7.19218
5 8.43479
6 9.63602
7 9.81248
8 9.90964
9 9.913
10 9.19448
11 9.79358
12 10.3625
13 11.4809
14 12.8406
15 14.4103
16 18.1365
17 19.0839
18 23.2731
19 25.3629
20 31.4902
21 31.9866
22 32.3914
23 38.3786
24 42.2268
25 39.9894
26 41.9513
27 33.6414
28 41.0347
29 43.6231
30 51.0969
31 38.7545
32 43.4512
33 38.7428
34 30.5066
35 44.3798
36 36.1894
37 40.7599
38 37.7415
39 36.1737
40 42.4369
41 37.662
42 31.1102
43 34.8961
44 31.5751
45 35.634
46 30.3728
47 28.9915
48 30.0733
49 35.6931
50 45.6044
51 39.3346
52 36.2385
53 36.9311
54 29.8928
55 27.2486
56 29.3986
57 28.9244
58 34.2752
59 29.9798
60 33.2541
61 30.779
62 33.2222
63 36.6183
64 42.248
65 31.0011
66 30.2941
67 37.1438
68 34.2334
69 29.0759
70 37.3208
71 33.7835
72 36.0915
73 37.9124
74 26.2511
75 26.2315
76 38.227
77 33.0732
78 27.3631
79 30.1168
80 31.7489
81 35.7529
82 39.2044
83 36.9116
84 21.9804
85 27.6704
86 27.8935
87 35.6044
88 32.2442
89 31.1059
90 33.5744
91 33.3931
92 32.9441
93 33.8005
94 40.46
95 36.5881
96 35.8851
97 29.2179
98 37.0207
99 42.0444
100 39.1
101 35.7536
102 32.3788
103 31.8467
104 37.201
105 35.0524
106 33.3208
107 29.4832
108 22.016
109 29.5506
110 23.5509
111 25.3812
112 33.3217
113 35.1232
114 33.6821
115 30.7106
116 28.3325
117 31.8549
118 36.811
119 33.3993
120 61.744
