1 3.10197
2 2.72264
3 3.06963
4 2.97067
5 4.12032
6 6.36076
7 7.94418
8 7.83428
9 7.05948
10 6.89929
11 7.27608
12 6.7323
13 7.2
14 7.99931
15 8.50159
16 9.27266
17 8.94158
18 8.86312
19 12.1596
20 13.0549
21 12.9311
22 13.1667
23 13.1531
24 13.1774
25 12.398
26 12.863
27 16.3688
28 18.5364
29 18.49
30 20.0802
31 19.5122
32 20.6173
33 17.3089
34 17.7548
35 18.4841
36 20.6486
37 18.6277
38 15.0516
39 16.5848
40 14.1038
41 13.8893
42 14.2458
43 11.4209
44 11.709
45 11.6932
46 11.4691
47 12.046
48 9.90791
49 10.4853
50 11.3996
51 10.7288
52 7.91831
53 7.93158
54 8.00982
55 8.31287
56 8.85748
57 9.39739
58 8.441
59 8.76458
60 9.00024
61 8.481
62 7.76789
63 7.79443
64 7.83199
65 7.65467
66 7.84421
67 7.79104
68 7.38699
69 6.82675
70 6.6231
71 6.24613
72 7.42452
73 8.38019
74 8.03906
75 7.9275
76 8.56329
77 8.06038
78 7.34041
79 6.04703
80 7.06851
81 7.9989
82 8.41112
83 9.51713
84 9.72606
85 10.7919
86 12.8009
87 12.3186
88 13.7304
89 15.1951
90 14.9942
91 15.7736
92 13.2529
93 12.7792
94 13.9293
95 13.5626
96 12.2665
97 10.9621
98 10.8585
99 9.83519
100 9.63614
101 9.22174
102 9.21225
103 9.89966
104 9.96635
105 10.004
106 9.59365
107 9.43649
108 10.4942
109 11.0648
110 15.5243
111 18.4841
112 18.7458
113 17.9522
114 20.8987
115 23.6993
116 32.3944
117 31.3534
118 26.8112
119 21.71
120 45.2665
