1 14.2703
2 16.2224
3 15.7677
4 15.6695
5 15.7244
6 15.4186
7 16.14
8 15.0421
9 12.2014
10 12.384
11 11.879
12 14.3062
13 13.1535
14 8.9203
15 8.71689
16 7.84642
17 7.53343
18 7.45992
19 7.46061
20 7.80555
21 8.92524
22 10.5529
23 13.0995
24 13.6559
25 15.0551
26 14.845
27 14.2947
28 16.3369
29 18.6164
30 23.0906
31 30.6915
32 34.8205
33 36.6928
34 40.8767
35 31.1395
36 28.5321
37 30.6538
38 35.2659
39 39.11
40 38.5628
41 38.8872
42 42.6791
43 40.4621
44 41.2603
45 44.8424
46 37.1969
47 35.8604
48 43.4125
49 36.8849
50 39.2579
51 38.6586
52 37.7235
53 41.691
54 35.536
55 39.243
56 34.7592
57 44.6566
58 43.9198
59 44.215
60 44.914
61 39.2162
62 38.4916
63 38.1128
64 45.0902
65 39.7963
66 34.373
67 37.4236
68 36.8531
69 38.9522
70 41.8763
71 41.2216
72 41.3775
73 35.8699
74 36.9172
75 38.2256
76 36.2439
77 35.3893
78 30.1035
79 30.275
80 30.9617
81 31.4106
82 31.3065
83 28.83
84 32.2916
85 30.4002
86 28.9522
87 28.2239
88 38.5919
89 41.2975
90 41.4226
91 35.4519
92 37.6199
93 33.8161
94 35.9237
95 35.4738
96 34.7624
97 32.7199
98 33.8436
99 32.3424
100 36.6877
101 36.5749
102 35.167
103 38.8246
104 33.044
105 39.8527
106 35.158
107 30.1727
108 35.1171
109 30.8694
110 41.0768
111 29.7541
112 42.8893
113 34.5764
114 39.7687
115 30.152
116 35.2011
117 29.7455
118 40.741
119 32.8215
120 53.6789
