1 6.52577
2 7.63915
3 7.40118
4 7.99946
5 8.71172
6 9.74903
7 9.07871
8 9.32488
9 9.45118
10 9.18958
11 9.63282
12 9.12053
13 10.619
14 16.3419
15 16.6495
16 17.1474
17 16.8765
18 17.517
19 19.0149
20 20.6107
21 19.0499
22 19.5723
23 21.4701
24 22.6637
25 21.1635
26 20.8468
27 21.7641
28 23.9772
29 28.3388
30 30.2251
31 30.3305
32 34.6158
33 34.8755
34 37.5159
35 34.672
36 29.2617
37 21.4959
38 21.3479
39 18.2418
40 15.382
41 15.2373
42 14.1279
43 14.1983
44 14.1154
45 13.0607
46 14.0946
47 13.5519
48 13.7603
49 14.025
50 14.4288
51 13.7456
52 13.1242
53 14.6273
54 15.3311
55 16.2276
56 16.7841
57 18.2293
58 15.9933
59 16.0739
60 15.9355
61 16.5815
62 15.7751
63 15.2723
64 15.4007
65 14.9993
66 14.7401
67 14.7156
68 13.7477
69 12.7389
70 10.2348
71 9.68416
72 9.52669
73 9.55873
74 9.0292
75 10.2243
76 10.9588
77 11.6707
78 12.3283
79 11.3581
80 10.8466
81 10.2742
82 10.736
83 11.486
84 12.7367
85 12.8272
86 13.1342
87 14.6475
88 16.3548
89 16.524
90 17.5344
91 17.6014
92 18.5513
93 20.5188
94 21.031
95 20.5664
96 22.1284
97 22.8085
98 16.688
99 15.2778
100 13.7403
101 12.4602
102 10.235
103 10.2321
104 10.8535
105 11.3407
106 11.9963
107 12.1014
108 12.354
109 11.9337
110 10.2854
111 9.81528
112 9.51194
113 10.1134
114 11.1057
115 12.7476
116 13.988
117 13.9089
118 13.7316
119 13.904
120 13.7525
