1 7.97877
2 9.31198
3 10.5604
4 9.80137
5 8.86789
6 8.63989
7 10.1769
8 10.5516
9 10.5448
10 10.8211
11 11.3005
12 10.3546
13 13.3079
14 12.257
15 12.5513
16 12.7796
17 9.67102
18 8.30706
19 8.43122
20 8.08209
21 9.30869
22 14.2721
23 22.5225
24 21.4683
25 23.3957
26 26.7885
27 27.1033
28 27.4432
29 30.9264
30 33.7744
31 37.6736
32 35.9475
33 33.0789
34 30.8207
35 32.8713
36 35.4521
37 39.5793
38 36.2621
39 39.3478
40 38.2618
41 37.6229
42 33.0938
43 34.0334
44 34.5841
45 37.1184
46 30.1942
47 29.8385
48 31.9188
49 34.8816
50 40.8965
51 38.5122
52 31.6489
53 35.7447
54 36.8406
55 27.6741
56 28.6197
57 28.4186
58 34.7394
59 25.6947
60 32.6714
61 34.8511
62 32.981
63 34.2898
64 33.5476
65 31.9788
66 33.5791
67 38.3291
68 33.7966
69 37.3464
70 37.5441
71 37.4789
72 40.117
73 40.1779
74 27.0884
75 24.3396
76 36.5052
77 35.6221
78 28.2428
79 38.9045
80 33.2597
81 36.5761
82 39.8247
83 39.1322
84 25.9169
85 29.9177
86 29.6641
87 32.7923
88 32.9072
89 30.9524
90 35.7056
91 40.8846
92 32.5678
93 35.5832
94 37.1454
95 37.119
96 37.0444
97 26.9319
98 33.8398
99 35.2157
100 39.1303
101 37.4847
102 35.2775
103 31.2998
104 36.1134
105 34.0628
106 28.2374
107 29.9894
108 19.8735
109 28.4801
110 25.5717
111 17.775
112 31.0166
113 35.1415
114 33.3324
115 31.4149
116 28.4475
117 33.0799
118 30.7876
119 35.6788
120 57.7326
