1 2.99052
2 5.23393
3 6.56934
4 6.62516
5 7.1188
6 12.0727
7 14.1186
8 18.2182
9 23.6932
10 33.8588
11 40.4531
12 42.0587
13 38.1633
14 33.7714
15 39.0466
16 32.2687
17 34.0426
18 32.9616
19 36.2803
20 36.1949
21 32.0153
22 38.3162
23 28.3683
24 27.7249
25 30.2867
26 29.1499
27 28.5927
28 30.5663
29 32.8663
30 31.561
31 28.5772
32 25.4101
33 26.1184
34 27.7626
35 27.6218
36 30.5
37 30.5149
38 32.1159
39 24.713
40 33.7006
41 36.7872
42 32.5984
43 28.4124
44 28.6828
45 27.6016
46 32.214
47 28.176
48 31.6574
49 26.5245
50 30.1833
51 32.1244
52 30.7481
53 30.8801
54 28.9286
55 29.675
56 30.6471
57 32.0641
58 38.1561
59 33.7238
60 36.0678
61 28.3954
62 25.8622
63 37.503
64 35.6427
65 32.2422
66 27.344
67 31.6398
68 30.2962
69 34.2961
70 31.5927
71 34.4901
72 33.1977
73 27.6949
74 35.7478
75 33.9066
76 31.2968
77 22.0316
78 33.3508
79 31.7988
80 25.8647
81 31.3548
82 30.8537
83 26.0038
84 27.6983
85 23.9014
86 21.8938
87 26.4576
88 29.1656
89 30.633
90 28.3189
91 32.3956
92 30.3081
93 34.6084
94 31.1205
95 30.8221
96 33.0534
97 37.5699
98 32.0607
99 35.2062
100 34.8162
101 28.4063
102 35.4993
103 31.1506
104 33.1822
105 29.4927
106 31.3997
107 29.1484
108 33.4761
109 33.9378
110 36.1813
111 33.0112
112 27.8216
113 29.2375
114 31.1456
115 26.7708
116 32.649
117 28.3235
118 26.6686
119 27.5416
120 42.2096
