1 22.7604
2 24.9968
3 25.0772
4 25.7794
5 29.3306
6 27.9437
7 29.8003
8 30.3891
9 31.0621
10 30.5497
11 30.8188
12 34.311
13 38.1512
14 34.9246
15 35.545
16 37.9156
17 35.6186
18 37.1723
19 32.8981
20 33.9941
21 33.3994
22 34.0136
23 30.0496
24 31.9593
25 30.5794
26 29.6275
27 31.7901
28 32.9194
29 31.2032
30 32.9811
31 33.6606
32 28.5345
33 28.2731
34 23.5996
35 30.1124
36 29.438
37 31.9617
38 28.6375
39 29.9931
40 28.241
41 32.4072
42 30.7308
43 29.7339
44 28.6149
45 27.7178
46 27.1762
47 30.3654
48 32.8231
49 32.4361
50 28.6075
51 29.6734
52 27.4669
53 24.5879
54 30.6629
55 34.449
56 32.4989
57 34.0857
58 35.916
59 37.0831
60 37.4701
61 39.9998
62 34.2481
63 35.1
64 31.1504
65 30.8187
66 34.9294
67 34.9801
68 36.8728
69 35.454
70 34.6598
71 22.3737
72 31.1411
73 37.0919
74 29.5202
75 32.2349
76 36.4196
77 36.8102
78 34.6784
79 27.2074
80 31.2367
81 34.7921
82 35.3825
83 31.1413
84 28.9424
85 30.1698
86 27.0598
87 29.7947
88 33.4925
89 24.1176
90 25.9723
91 31.1364
92 28.818
93 27.2888
94 31.8792
95 29.9675
96 30.2519
97 30.4535
98 32.9561
99 31.7996
100 30.7866
101 30.98
102 28.5972
103 32.11
104 27.0492
105 27.2555
106 29.754
107 32.0904
108 26.8045
109 29.6407
110 26.5944
111 28.5669
112 29.1834
113 26.1505
114 32.0711
115 31.0631
116 30.5783
117 23.5487
118 24.9485
119 21.4365
120 44.435
