1 5.62341
2 6.48282
3 7.11209
4 8.50385
5 9.86908
6 12.8691
7 15.8644
8 16.1428
9 15.9605
10 16.1222
11 16.5508
12 16.5615
13 19.4132
14 19.3058
15 20.8055
16 23.1082
17 24.4087
18 24.1438
19 25.7301
20 26.5418
21 26.9719
22 25.0751
23 25.1906
24 22.439
25 26.626
26 27.5172
27 28.0347
28 31.0198
29 35.5463
30 30.7215
31 33.4462
32 32.3797
33 41.9455
34 38.9321
35 46.9748
36 46.2288
37 42.1859
38 42.0131
39 45.0787
40 36.8265
41 41.6013
42 28.1178
43 33.6005
44 34.2141
45 30.9512
46 36.4659
47 34.0226
48 26.1979
49 30.2551
50 30.1425
51 31.4266
52 34.9118
53 31.0051
54 28.9847
55 29.8342
56 30.358
57 32.5046
58 24.7282
59 36.2984
60 36.6675
61 39.3466
62 35.8693
63 37.2488
64 37.479
65 39.8034
66 36.9848
67 36.8807
68 27.522
69 30.6238
70 32.0075
71 30.8419
72 35.4393
73 31.0512
74 32.0594
75 25.8879
76 34.0661
77 34.0384
78 36.7835
79 32.618
80 35.4096
81 36.3559
82 34.5516
83 27.2687
84 32.8409
85 36.4546
86 34.9542
87 33.9074
88 30.9137
89 30.4563
90 33.2516
91 36.3973
92 27.5991
93 15.3354
94 21.7071
95 25.9292
96 16.9306
97 19.5283
98 23.0283
99 32.4981
100 24.4114
101 27.59
102 20.3733
103 24.361
104 23.1238
105 32.5174
106 31.6543
107 32.0147
108 31.9949
109 31.6305
110 30.6318
111 33.9763
112 30.9054
113 24.9014
114 30.6958
115 26.8685
116 28.482
117 27.6281
118 22.717
119 30.0136
120 44.8951
