1 14.9927
2 18.7473
3 19.5549
4 21.2601
5 25.5081
6 27.3399
7 24.552
8 25.8206
9 30.1529
10 33.8804
11 30.6051
12 31.5643
13 34.3313
14 33.1378
15 32.695
16 31.5888
17 32.9411
18 36.8851
19 37.139
20 34.2998
21 33.3904
22 32.6401
23 29.2727
24 27.0711
25 24.1975
26 24.4385
27 27.3034
28 27.2319
29 26.9056
30 30.6231
31 27.8658
32 28.376
33 27.9395
34 28.017
35 33.1208
36 29.1837
37 28.1869
38 29.024
39 31.7577
40 33.7277
41 35.4465
42 26.6044
43 30.7702
44 25.832
45 27.7976
46 31.7157
47 31.4486
48 24.8192
49 32.4286
50 26.3923
51 25.7662
52 36.2495
53 29.8116
54 27.2018
55 27.4963
56 23.6413
57 25.2618
58 21.7388
59 29.0144
60 25.1829
61 25.4054
62 31.0186
63 30.1619
64 28.4829
65 29.893
66 34.5073
67 33.3816
68 26.2418
69 29.2406
70 31.86
71 30.3932
72 31.4708
73 28.8836
74 32.2617
75 28.9616
76 30.5659
77 27.1958
78 33.0137
79 33.4973
80 32.1507
81 35.1132
82 29.0333
83 24.7032
84 34.15
85 32.9987
86 33.7801
87 37.865
88 32.6992
89 30.307
90 24.9535
91 23.1397
92 26.6761
93 21.4829
94 23.4603
95 24.7845
96 19.9637
97 20.1144
98 22.6045
99 27.3948
100 26.1431
101 26.4311
102 18.9546
103 19.8684
104 22.4259
105 31.7038
106 28.6656
107 31.4525
108 33.8227
109 30.6934
110 30.0475
111 31.0748
112 33.5157
113 25.0358
114 31.0684
115 24.4526
116 29.1343
117 28.9318
118 22.3311
119 28.9721
120 41.7765
