1 6.10781
2 8.17876
3 8.43036
4 9.55825
5 11.9667
6 15.6177
7 19.8256
8 25.4359
9 25.295
10 31.2185
11 37.4989
12 39.1469
13 37.3439
14 42.5842
15 34.4412
16 35.3923
17 41.6238
18 42.0628
19 37.4454
20 34.1164
21 33.7676
22 34.4447
23 35.2497
24 33.2705
25 34.1126
26 33.2669
27 31.2335
28 37.967
29 33.5385
30 28.827
31 33.0054
32 25.6598
33 28.4104
34 22.5148
35 27.9111
36 32.908
37 29.7884
38 32.0789
39 30.2619
40 30.6822
41 35.1745
42 32.585
43 31.3882
44 32.8236
45 27.8302
46 29.8111
47 30.2756
48 33.3402
49 33.2187
50 34.4735
51 30.717
52 29.1609
53 26.705
54 34.8589
55 35.1377
56 32.8362
57 33.7363
58 32.7461
59 38.7469
60 38.1571
61 38.4117
62 32.906
63 37.8666
64 32.6889
65 33.897
66 36.1577
67 34.7278
68 34.1313
69 34.3433
70 34.0771
71 21.2488
72 32.9532
73 34.1468
74 26.7434
75 35.714
76 34.1597
77 36.6897
78 31.5671
79 28.8756
80 35.0797
81 36.2877
82 37.5211
83 27.9887
84 35.6504
85 36.4314
86 29.1682
87 33.4654
88 34.6668
89 28.1848
90 29.7307
91 33.8196
92 29.84
93 33.0952
94 34.6544
95 31.692
96 32.5467
97 32.2742
98 33.283
99 34.0125
100 31.5619
101 32.4176
102 23.7874
103 28.7799
104 31.7944
105 32.0751
106 30.4225
107 33.1548
108 32.4903
109 30.6354
110 28.2221
111 29.8518
112 30.1187
113 29.422
114 36.0066
115 30.9341
116 29.5237
117 34.5038
118 35.1701
119 32.5756
120 45.6881
