1 16.0721
2 20.292
3 20.0536
4 19.2244
5 20.7814
6 22.3873
7 29.5445
8 35.495
9 38.3186
10 39.938
11 38.1808
12 38.7665
13 36.3878
14 35.07
15 33.3465
16 36.2864
17 30.6924
18 33.4232
19 35.2077
20 34.7296
21 32.8008
22 35.5872
23 34.4816
24 32.9053
25 30.4849
26 30.4248
27 32.0532
28 35.9492
29 30.2764
30 34.2635
31 33.831
32 31.6198
33 33.988
34 28.8921
35 30.8654
36 28.4554
37 29.8821
38 24.5299
39 28.2581
40 28.4267
41 27.615
42 25.5251
43 29.5156
44 30.3351
45 32.7566
46 26.0859
47 35.4148
48 32.2592
49 32.9255
50 37.8139
51 30.8432
52 31.3573
53 39.9045
54 27.1427
55 38.089
56 29.5932
57 29.4842
58 37.2573
59 33.2096
60 36.8727
61 34.7591
62 38.426
63 40.3883
64 38.5952
65 38.9055
66 39.7233
67 34.0698
68 38.5491
69 39.9031
70 38.7005
71 44.7057
72 33.2629
73 11.7043
74 41.2316
75 37.813
76 44.718
77 38.3405
78 36.5046
79 34.0531
80 39.2594
81 35.3309
82 27.9188
83 35.5691
84 32.7219
85 36.694
86 34.2077
87 29.2513
88 35.0261
89 38.4035
90 35.4978
91 31.4308
92 34.4485
93 30.6981
94 27.9891
95 33.6298
96 33.7128
97 34.7076
98 32.1531
99 34.4125
100 32.1688
101 32.8869
102 37.6166
103 36.2314
104 34.1884
105 29.1268
106 30.7403
107 32.5569
108 32.7665
109 32.4692
110 33.6733
111 33.9661
112 32.0416
113 32.5457
114 31.4515
115 32.0529
116 32.6791
117 30.7446
118 27.7595
119 32.8546
120 48.4496
