1 11.5309
2 13.5881
3 13.0483
4 11.3282
5 13.3664
6 14.8442
7 13.8976
8 13.894
9 19.9975
10 23.1843
11 29.4236
12 31.5769
13 32.1171
14 34.8239
15 29.3033
16 32.4032
17 31.6185
18 31.8385
19 38.0793
20 32.6937
21 30.426
22 30.5113
23 36.2819
24 38.3151
25 36.5518
26 35.2271
27 24.7905
28 32.6555
29 31.9531
30 33.9295
31 29.6419
32 33.638
33 30.1679
34 26.7868
35 27.5601
36 28.4832
37 26.6402
38 28.8628
39 25.6979
40 28.3761
41 28.8378
42 28.5289
43 30.2963
44 31.5108
45 35.7414
46 28.7163
47 36.832
48 31.165
49 19.0148
50 20.7764
51 20.5066
52 21.0366
53 20.0815
54 23.4873
55 21.6105
56 20.8099
57 20.7132
58 22.2576
59 20.172
60 16.7862
61 18.5873
62 19.5577
63 15.7222
64 16.5687
65 13.6235
66 13.0655
67 13.5687
68 14.2296
69 15.3088
70 15.295
71 16.0202
72 15.7107
73 7.07737
74 24.2559
75 16.4817
76 17.2898
77 18.6538
78 20.771
79 20.6496
80 20.3024
81 20.3942
82 18.8938
83 19.9343
84 21.8574
85 24.1494
86 24.795
87 21.0249
88 22.1436
89 22.2826
90 20.4725
91 19.981
92 26.0109
93 23.5959
94 27.8833
95 32.0917
96 29.9847
97 34.2115
98 34.7719
99 34.4993
100 31.446
101 29.6877
102 36.6652
103 33.349
104 31.6632
105 27.8477
106 33.411
107 30.3323
108 32.9012
109 33.9395
110 33.4532
111 31.4402
112 35.2727
113 33.3149
114 33.0999
115 30.9931
116 32.8996
117 30.0147
118 31.3054
119 30.8764
120 47.3529
