1 2.12289
2 3.34238
3 4.05696
4 6.24389
5 8.0355
6 9.35689
7 13.9309
8 15.927
9 16.9379
10 21.1413
11 25.2963
12 25.6471
13 25.8594
14 26.7471
15 28.3303
16 26.2874
17 26.3274
18 26.3097
19 25.5326
20 31.2852
21 32.2094
22 31.2922
23 33.3852
24 36.3712
25 37.4648
26 34.0937
27 31.2861
28 34.4073
29 33.0986
30 31.3989
31 38.8748
32 28.4551
33 27.4801
34 20.9013
35 29.3529
36 30.5382
37 26.5514
38 30.5054
39 26.0711
40 27.8492
41 28.9592
42 30.8567
43 29.8815
44 29.5755
45 28.5802
46 27.9138
47 25.2055
48 28.2352
49 28.6571
50 24.0495
51 23.4815
52 30.1558
53 25.2363
54 34.6571
55 34.0019
56 27.5201
57 34.6653
58 36.7447
59 35.7935
60 39.8117
61 37.1289
62 34.4835
63 36.7486
64 27.8094
65 30.2721
66 35.8028
67 32.9478
68 31.0879
69 35.2716
70 36.3983
71 23.9403
72 34.1785
73 39.1527
74 27.0584
75 36.8266
76 35.725
77 31.2512
78 34.6722
79 29.1175
80 34.0143
81 32.5291
82 33.2898
83 34.0433
84 33.6497
85 36.2409
86 26.2071
87 33.2005
88 34.435
89 30.9841
90 27.1824
91 30.2287
92 28.9757
93 28.5019
94 30.3843
95 34.1532
96 34.9463
97 34.1986
98 34.5858
99 32.6918
100 32.8105
101 33.9348
102 24.8267
103 25.2525
104 31.3442
105 29.5128
106 35.8492
107 33.6482
108 34.7145
109 31.2692
110 26.8189
111 24.7223
112 31.2775
113 28.1672
114 33.688
115 30.7892
116 31.5749
117 31.9289
118 31.6817
119 31.0757
120 55.9776
