1 11.6323
2 16.0779
3 15.9931
4 18.1638
5 23.1191
6 24.4325
7 34.4108
8 35.0181
9 35.7892
10 35.5265
11 37.0859
12 34.9126
13 37.7196
14 34.923
15 39.0818
16 35.0291
17 37.1253
18 34.3681
19 37.3077
20 32.7094
21 34.5036
22 35.2888
23 31.5733
24 32.5405
25 34.2938
26 27.909
27 27.0637
28 32.0004
29 31.5094
30 31.8408
31 25.6433
32 26.3517
33 26.1581
34 26.1912
35 23.869
36 25.3714
37 30.2143
38 31.9023
39 30.9313
40 36.0653
41 36.7599
42 31.4487
43 26.929
44 29.3924
45 28.3969
46 31.4252
47 25.4012
48 28.3849
49 31.9449
50 31.7812
51 29.9835
52 29.941
53 27.0876
54 28.7719
55 30.8309
56 28.4311
57 31.9767
58 33.9468
59 31.4394
60 36.2888
61 31.0696
62 31.9752
63 32.8863
64 36.137
65 33.2644
66 27.8635
67 32.339
68 31.4704
69 31.7799
70 34.4318
71 33.2654
72 31.2769
73 27.2005
74 35.6999
75 36.3021
76 27.8976
77 22.63
78 33.1274
79 29.7526
80 32.0757
81 39.4214
82 30.4864
83 25.5192
84 30.2511
85 25.4233
86 21.8076
87 27.6117
88 34.0769
89 26.8146
90 36.8892
91 34.1988
92 32.2085
93 35.3464
94 32.0495
95 33.0642
96 33.7638
97 33.1457
98 35.0397
99 27.9087
100 32.0086
101 34.4475
102 39.117
103 33.5334
104 29.6847
105 29.711
106 32.0338
107 29.4014
108 30.8726
109 27.617
110 29.2643
111 31.6973
112 36.3129
113 32.965
114 33.425
115 34.3093
116 35.7657
117 32.2478
118 27.0215
119 30.8754
120 40.3325
