1 19.0195
2 21.3576
3 21.3457
4 21.6228
5 23.6081
6 25.1067
7 26.211
8 31.769
9 39.4518
10 40.4836
11 38.3572
12 41.3551
13 41.0842
14 46.1817
15 50.4235
16 48.8988
17 51.2151
18 51.678
19 42.4915
20 46.5703
21 38.1867
22 32.6406
23 29.957
24 36.9614
25 38.0307
26 38.3156
27 37.5409
28 34.5573
29 33.9429
30 31.4071
31 33.8846
32 32.0079
33 34.4308
34 31.3829
35 34.3582
36 28.7094
37 35.6121
38 40.0658
39 31.7356
40 28.8676
41 40.9778
42 37.1255
43 32.8934
44 35.028
45 35.8372
46 35.8425
47 34.9323
48 33.6768
49 32.1332
50 30.7407
51 38.4497
52 34.6432
53 34.2172
54 34.0393
55 31.3236
56 30.6165
57 30.6347
58 37.0476
59 35.5094
60 33.4146
61 39.6802
62 35.9196
63 37.8093
64 33.8061
65 35.7605
66 31.363
67 35.8532
68 35.0508
69 36.3951
70 37.3169
71 36.1243
72 37.1032
73 37.3121
74 38.8689
75 35.6944
76 36.0586
77 33.5985
78 35.9333
79 35.1875
80 32.598
81 33.8911
82 31.6621
83 34.0476
84 33.5801
85 33.6379
86 27.065
87 30.6764
88 33.3495
89 32.7942
90 32.854
91 29.0047
92 30.3827
93 28.3422
94 31.3847
95 27.9071
96 30.1321
97 31.7799
98 29.7653
99 26.5263
100 30.6851
101 25.7944
102 27.4715
103 25.5349
104 21.0759
105 19.7143
106 27.899
107 27.3234
108 27.5888
109 26.1737
110 27.0459
111 30.1799
112 30.6153
113 28.1175
114 28.0329
115 27.3902
116 31.7416
117 21.6734
118 28.5755
119 25.1509
120 47.4215
