1 8.10247
2 13.6608
3 10.2625
4 9.98399
5 11.4856
6 11.5276
7 12.23
8 13.3088
9 14.9199
10 20.2617
11 20.9902
12 20.4677
13 20.7915
14 20.9125
15 20.5765
16 18.5852
17 20.3162
18 20.5253
19 25.3399
20 28.4587
21 27.1476
22 31.1288
23 35.7138
24 31.0348
25 30.2603
26 29.9277
27 32.9634
28 30.6877
29 33.2195
30 35.3656
31 37.7478
32 30.4523
33 31.4041
34 31.8763
35 32.8428
36 30.6778
37 29.3757
38 31.7442
39 28.8568
40 29.0122
41 35.7263
42 35.0858
43 38.0039
44 27.3539
45 25.4313
46 27.928
47 32.1617
48 35.6154
49 31.3102
50 28.2255
51 33.2839
52 37.0803
53 24.9203
54 37.4763
55 27.6201
56 24.1068
57 24.8099
58 25.622
59 33.9274
60 32.0711
61 32.3432
62 32.9124
63 30.8349
64 35.8041
65 32.5297
66 31.1233
67 27.5913
68 28.6614
69 35.1057
70 25.1186
71 32.852
72 29.1282
73 28.8732
74 28.789
75 29.6402
76 31.4201
77 34.7157
78 26.2599
79 29.6072
80 29.1653
81 34.2869
82 32.9343
83 27.8949
84 31.1337
85 32.1981
86 29.1914
87 33.1572
88 32.757
89 31.2431
90 28.1365
91 32.8371
92 24.2368
93 30.1046
94 30.5148
95 32.5598
96 33.039
97 30.8492
98 28.3479
99 25.3889
100 28.5916
101 32.231
102 29.9383
103 29.9048
104 32.7995
105 29.6207
106 28.4274
107 28.5509
108 29.7091
109 30.3421
110 24.1563
111 29.8374
112 30.8799
113 28.7161
114 30.8337
115 32.4898
116 28.4131
117 29.622
118 26.4649
119 31.4553
120 83.7043
