1 21.2836
2 24.8368
3 19.2787
4 19.1659
5 18.9935
6 20.9335
7 21.3815
8 27.3816
9 30.367
10 32.0041
11 31.0213
12 30.5353
13 30.6821
14 37.4936
15 31.7987
16 37.4639
17 39.3502
18 37.8792
19 35.4335
20 31.3731
21 33.7103
22 34.8997
23 29.6989
24 32.4151
25 35.3988
26 29.0692
27 29.3002
28 31.9289
29 31.6004
30 35.0627
31 33.4589
32 34.3127
33 31.0146
34 33.2812
35 31.6347
36 31.0337
37 34.4592
38 30.606
39 31.9797
40 30.7933
41 34.6172
42 40.3457
43 34.8979
44 32.1407
45 25.822
46 27.2925
47 35.5843
48 32.113
49 32.9522
50 26.646
51 35.2803
52 34.8353
53 29.5767
54 30.9385
55 28.2497
56 29.479
57 29.8595
58 31.4986
59 31.0569
60 31.2264
61 30.7342
62 34.1058
63 34.9346
64 33.4917
65 33.0848
66 30.5849
67 29.9834
68 31.7244
69 38.297
70 28.9642
71 33.9167
72 32.6218
73 33.6612
74 33.5243
75 33.6719
76 34.708
77 34.7284
78 30.1316
79 26.2577
80 31.3153
81 34.539
82 34.5567
83 35.8848
84 28.2686
85 28.4313
86 32.8884
87 27.5204
88 32.2435
89 31.7577
90 33.2505
91 29.7291
92 29.8116
93 27.0205
94 29.9236
95 28.7814
96 28.9239
97 24.7707
98 28.0834
99 28.7448
100 29.0723
101 27.452
102 28.0264
103 28.6716
104 24.2888
105 30.3138
106 29.9053
107 27.6349
108 26.6506
109 26.9075
110 20.8323
111 27.915
112 30.4418
113 28.2967
114 27.3205
115 26.5655
116 24.3736
117 30.4733
118 27.6087
119 26.0944
120 32.7889
