1 37.4186
2 43.3877
3 40.4977
4 40.6053
5 36.8142
6 38.4081
7 39.1747
8 43.7869
9 55.9761
10 65.9333
11 68.9537
12 64.8739
13 66.3826
14 55.3304
15 52.2363
16 39.5473
17 33.1594
18 31.5963
19 28.9671
20 40.9039
21 30.8808
22 33.6251
23 30.3413
24 30.7496
25 31.4952
26 34.1608
27 32.3627
28 30.9628
29 32.1431
30 30.5009
31 29.0848
32 23.4527
33 26.0082
34 28.1501
35 26.1683
36 27.6179
37 24.7097
38 30.3904
39 28.926
40 26.4918
41 31.7822
42 25.1938
43 26.369
44 31.4813
45 33.7385
46 28.9251
47 26.3247
48 39.0031
49 25.9088
50 24.3073
51 26.395
52 26.5892
53 28.1323
54 27.9925
55 28.3717
56 27.6649
57 32.5089
58 34.2591
59 29.7593
60 28.3675
61 21.6777
62 32.125
63 36.9689
64 39.1696
65 37.2509
66 25.0286
67 33.1942
68 29.458
69 34.2053
70 34.5728
71 35.7975
72 30.086
73 25.8542
74 28.0852
75 34.8784
76 34.9863
77 34.4978
78 30.2143
79 28.5081
80 32.8272
81 32.7516
82 27.9261
83 28.4598
84 34.8132
85 33.5204
86 30.8716
87 33.2682
88 28.5606
89 32.5914
90 27.3857
91 28.1182
92 34.1298
93 31.4683
94 32.2929
95 27.0631
96 29.2944
97 29.519
98 27.3744
99 25.7502
100 32.4931
101 32.1202
102 31.4196
103 30.5929
104 27.7491
105 30.1045
106 28.2926
107 30.3192
108 27.2788
109 28.6774
110 30.3141
111 30.2269
112 23.5009
113 29.0716
114 27.0197
115 27.4788
116 26.1599
117 28.1852
118 25.1306
119 22.6748
120 38.6945
