1 6.64962
2 10.1954
3 11.3299
4 12.3384
5 10.4796
6 12.6575
7 14.3397
8 19.0136
9 19.8242
10 18.8389
11 18.2865
12 19.234
13 19.1923
14 20.0281
15 19.6502
16 18.8479
17 22.1902
18 28.78
19 29.3396
20 38.1293
21 39.1661
22 39.5635
23 30.0382
24 34.1485
25 38.2087
26 34.9638
27 34.2055
28 34.3802
29 34.6593
30 33.5921
31 32.959
32 33.2234
33 33.5273
34 32.6293
35 33.1768
36 28.3459
37 34.7121
38 35.9322
39 27.0265
40 25.3055
41 36.4354
42 38.4326
43 34.4674
44 37.9866
45 34.4801
46 37.8354
47 36.5601
48 33.446
49 26.7222
50 27.3984
51 40.2456
52 31.0518
53 36.7541
54 30.9918
55 31.5494
56 27.6884
57 30.7402
58 38.4247
59 37.0619
60 35.9646
61 39.9451
62 39.931
63 39.0854
64 36.3679
65 40.372
66 31.9389
67 32.6008
68 34.2497
69 35.75
70 34.6695
71 29.4561
72 28.3011
73 32.2313
74 32.7844
75 30.4656
76 36.2348
77 34.4365
78 33.6642
79 34.1951
80 34.7385
81 35.8731
82 33.1595
83 34.619
84 34.5095
85 34.12
86 32.875
87 34.6708
88 35.6045
89 30.7381
90 32.8618
91 31.5341
92 35.3351
93 36.6564
94 27.3514
95 33.1647
96 33.4233
97 36.3151
98 34.1343
99 36.5308
100 34.9401
101 30.0929
102 28.6126
103 31.694
104 25.9358
105 26.8242
106 24.9986
107 28.4279
108 30.8444
109 31.4044
110 33.4495
111 34.8681
112 33.9063
113 33.373
114 34.1615
115 31.0678
116 33.8944
117 25.7906
118 19.7246
119 26.2411
120 43.0657
