1 4.72389
2 7.55184
3 7.94653
4 7.14098
5 7.6336
6 7.82052
7 10.6274
8 14.4973
9 20.2226
10 21.7145
11 18.6109
12 23.1485
13 27.5821
14 24.8228
15 30.5344
16 27.1489
17 26.1274
18 24.613
19 26.2076
20 23.3463
21 27.2679
22 25.3908
23 25.6847
24 23.0586
25 28.2587
26 37.1922
27 33.3803
28 29.5156
29 24.857
30 27.8719
31 27.4625
32 30.2499
33 32.3306
34 34.3698
35 32.4591
36 29.2304
37 31.9186
38 32.0443
39 30.2876
40 31.8224
41 34.1687
42 26.8025
43 29.527
44 25.9683
45 28.7086
46 25.9895
47 26.7359
48 25.0462
49 29.3632
50 36.325
51 25.9159
52 29.2353
53 29.7053
54 32.5852
55 29.1142
56 24.6045
57 20.0496
58 26.5717
59 27.0514
60 35.0748
61 30.6002
62 31.8005
63 29.351
64 34.5418
65 37.6604
66 36.8337
67 23.7547
68 33.0966
69 32.0023
70 37.3823
71 30.7502
72 26.9166
73 29.8936
74 30.1779
75 25.6268
76 34.5819
77 33.5856
78 33.6817
79 33.6098
80 33.334
81 32.372
82 34.0232
83 38.5236
84 33.9971
85 33.7167
86 30.9019
87 34.0792
88 31.1466
89 31.147
90 29.6885
91 31.9066
92 30.7997
93 31.665
94 31.2574
95 36.128
96 31.6068
97 24.2231
98 23.1146
99 23.5464
100 23.486
101 20.3633
102 25.724
103 29.5371
104 25.3721
105 32.0081
106 31.9757
107 33.4132
108 34.9418
109 30.3023
110 29.7595
111 31.2447
112 32.8624
113 30.0878
114 30.0957
115 30.2718
116 29.422
117 31.7975
118 33.4669
119 31.1986
120 51.6918
