1 18.2544
2 20.4171
3 21.0748
4 25.319
5 34.266
6 23.0191
7 23.5585
8 23.7509
9 28.0121
10 33.0953
11 30.4698
12 23.8334
13 20.1216
14 21.3075
15 18.1454
16 20.1187
17 19.2441
18 17.9352
19 18.3453
20 18.0576
21 18.1868
22 19.4031
23 23.0529
24 25.0103
25 26.9126
26 26.598
27 29.2405
28 32.3138
29 34.4507
30 32.8981
31 39.5287
32 31.9236
33 35.364
34 37.9221
35 29.6004
36 27.3907
37 28.8937
38 36.3778
39 29.543
40 30.2096
41 44.3807
42 38.9211
43 32.2706
44 37.4232
45 29.7462
46 31.2558
47 34.55
48 37.2491
49 30.5609
50 33.1927
51 42.1519
52 35.4565
53 37.0296
54 27.1312
55 31.7737
56 28.785
57 26.5928
58 41.3647
59 39.0932
60 35.8767
61 35.3174
62 37.404
63 38.3273
64 34.241
65 38.7508
66 33.1553
67 37.8433
68 33.2183
69 34.0281
70 32.1327
71 32.7677
72 35.1932
73 36.0026
74 35.0707
75 34.8137
76 31.2364
77 33.5888
78 32.9959
79 35.5517
80 35.3083
81 35.0077
82 36.2781
83 34.4581
84 34.646
85 35.1756
86 32.2919
87 36.3055
88 35.467
89 33.083
90 31.9504
91 25.8661
92 34.4616
93 31.6749
94 25.4972
95 29.9351
96 30.25
97 35.2564
98 32.8239
99 31.4256
100 32.7025
101 30.6998
102 29.5278
103 28.0216
104 25.263
105 24.1425
106 25.5155
107 29.4408
108 31.5807
109 33.1631
110 31.7883
111 28.6682
112 28.1224
113 31.0129
114 27.2265
115 29.862
116 21.0168
117 23.1923
118 27.3614
119 26.8501
120 44.4962
