1 14.8787
2 12.5166
3 12.4337
4 12.5493
5 12.9403
6 13.8357
7 13.9944
8 15.2883
9 17.6721
10 16.4847
11 16.0592
12 15.6924
13 21.3508
14 24.68
15 22.6974
16 21.9491
17 21.1045
18 21.4034
19 19.672
20 15.614
21 15.8248
22 13.1553
23 11.6839
24 11.5676
25 11.6676
26 11.379
27 11.3795
28 11.3724
29 13.5209
30 13.9084
31 13.012
32 11.6801
33 12.333
34 12.665
35 13.5828
36 16.6511
37 17.5986
38 17.4143
39 16.1304
40 13.9899
41 9.7592
42 10.4011
43 10.6371
44 9.49723
45 9.57877
46 8.73605
47 8.33698
48 16.8999
49 19.0744
50 16.8099
51 18.1475
52 19.8785
53 21.6375
54 23.2081
55 26.8426
56 27.5571
57 26.4495
58 25.1673
59 25.3205
60 24.2911
61 25.2868
62 31.993
63 25.1892
64 25
65 24.8393
66 24.5685
67 34.2528
68 30.2443
69 30.9333
70 30.2861
71 36.4128
72 34.2104
73 26.5205
74 32.7696
75 30.3782
76 29.9403
77 33.0373
78 32.2977
79 30.4255
80 32.1136
81 30.0241
82 35.0579
83 33.833
84 33.1949
85 29.2057
86 30.7958
87 32.4
88 29.5642
89 30.5577
90 35.6442
91 34.508
92 31.269
93 27.6448
94 31.4649
95 34.3911
96 33.4752
97 28.5955
98 30.302
99 31.1359
100 31.4779
101 34.3802
102 33.9118
103 34.8329
104 31.9391
105 34.3862
106 30.1226
107 31.9727
108 28.6782
109 30.596
110 32.4077
111 28.6507
112 32.2229
113 28.3249
114 30.3905
115 27.4539
116 30.7168
117 28.9136
118 31.2989
119 31.6264
120 37.052
