1 12.1278
2 17.972
3 20.9234
4 20.8845
5 25.5567
6 26.9333
7 26.6628
8 31.2585
9 36.3385
10 37.1543
11 40.0657
12 38.0172
13 23.7214
14 32.5621
15 28.668
16 27.16
17 27.3791
18 28.4145
19 25.7889
20 24.3163
21 23.7082
22 27.0777
23 24.4255
24 25.5165
25 33.2298
26 35.4651
27 32.9458
28 28.6228
29 28.1444
30 26.7557
31 28.362
32 29.136
33 30.4782
34 31.3465
35 35.5413
36 31.0014
37 30.9497
38 30.7191
39 30.1931
40 31.6059
41 32.2291
42 24.9273
43 29.4853
44 30.4021
45 28.8643
46 28.2051
47 28.4414
48 26.9012
49 29.4118
50 37.0837
51 26.5582
52 28.4149
53 30.1294
54 32.3143
55 30.4796
56 31.6363
57 29.096
58 22.7565
59 25.9593
60 31.9974
61 32.3978
62 32.8228
63 26.6922
64 37.5674
65 35.3727
66 37.5164
67 25.1398
68 30.9699
69 32.26
70 34.1824
71 30.1541
72 31.4436
73 28.7698
74 27.509
75 22.8021
76 33.1901
77 34.3323
78 35.8724
79 35.4362
80 34.4064
81 34.0342
82 36.2853
83 34.1539
84 32.5249
85 34.055
86 29.3758
87 33.2449
88 33.2308
89 30.3616
90 28.8938
91 32.8736
92 32.4064
93 30.5276
94 25.6029
95 34.6864
96 29.2696
97 24.7726
98 25.0085
99 26.8907
100 23.1332
101 21.944
102 21.6718
103 27.781
104 28.6946
105 29.4318
106 32.1023
107 29.9573
108 31.1289
109 33.2841
110 28.7966
111 32.131
112 29.6566
113 33.7224
114 34.1384
115 31.5607
116 31.6511
117 30.6073
118 33.5904
119 32.7107
120 58.1822
