1 11.9885
2 18.2188
3 23.4309
4 27.9723
5 35.456
6 38.351
7 33.5711
8 34.8165
9 37.1105
10 39.8393
11 33.0552
12 36.3905
13 34.5262
14 32.8857
15 34.8416
16 34.4098
17 36.6958
18 34.0874
19 37.4215
20 35.8271
21 38.4468
22 36.3026
23 35.0038
24 37.1419
25 24.8567
26 39.9073
27 36.0232
28 42.0443
29 40.7166
30 38.7089
31 38.3697
32 40.7918
33 33.8901
34 35.0886
35 33.6129
36 30.0947
37 31.0309
38 29.3281
39 35.1323
40 29.0894
41 32.7544
42 41.6986
43 36.7564
44 33.6886
45 43.9684
46 43.6366
47 39.8051
48 35.554
49 30.4151
50 35.8018
51 33.7417
52 34.4343
53 34.2025
54 31.1542
55 31.6891
56 37.8687
57 38.7081
58 29.0308
59 27.3232
60 29.2863
61 29.4044
62 28.9457
63 30.0579
64 26.473
65 28.2286
66 24.0959
67 32.6826
68 29.0033
69 36.5713
70 31.2319
71 38.0831
72 36.3599
73 31.6616
74 32.2242
75 30.4505
76 33.3428
77 32.9092
78 32.3715
79 30.9516
80 31.6279
81 32.1377
82 34.4523
83 32.7875
84 34.0792
85 30.1713
86 31.0886
87 28.467
88 32.2761
89 31.5299
90 37.0289
91 36.8145
92 35.5337
93 30.696
94 34.8268
95 35.8748
96 35.4952
97 34.6922
98 33.6366
99 30.8526
100 31.7285
101 31.8705
102 33.0431
103 29.824
104 32.2335
105 32.8242
106 32.1451
107 30.4573
108 37.3877
109 29.3972
110 31.752
111 29.675
112 28.2921
113 32.4143
114 27.8736
115 29.1849
116 34.6186
117 25.7531
118 30.0821
119 32.7724
120 39.8644
