1 20.9751
2 27.4488
3 29.9945
4 29.0437
5 28.9757
6 29.8493
7 34.4884
8 37.6536
9 41.7678
10 35.4707
11 33.8089
12 37.934
13 33.4636
14 35.8743
15 35.8908
16 35.3208
17 33.6256
18 34.5338
19 34.2384
20 37.4964
21 36.6867
22 35.5023
23 35.7049
24 33.5726
25 27.7641
26 35.8369
27 40.1229
28 39.6407
29 39.6906
30 36.9691
31 40.1713
32 39.4894
33 35.3437
34 36.3567
35 31.9434
36 28.6586
37 31.2889
38 27.8108
39 33.4795
40 28.7658
41 30.8589
42 37.4891
43 42.5067
44 38.6253
45 19.6287
46 18.734
47 21.9882
48 24.3921
49 28.7712
50 37.5921
51 31.807
52 31.805
53 30.6884
54 32.8128
55 33.6134
56 38.2721
57 37.0626
58 27.7368
59 25.9321
60 27.2564
61 29.2369
62 28.5397
63 28.7137
64 28.5955
65 26.0979
66 21.6682
67 28.9039
68 26.771
69 31.2654
70 30.6984
71 34.0291
72 34.6887
73 35.3457
74 29.072
75 30.6912
76 35.3686
77 33.1905
78 28.2197
79 33.7826
80 30.488
81 30.0844
82 30.0692
83 34.5776
84 31.2898
85 29.9826
86 30.7174
87 27.202
88 30.4565
89 30.2002
90 31.8174
91 34.377
92 33.9008
93 29.9035
94 35.7846
95 34.1284
96 35.9971
97 30.3598
98 35.9677
99 31.3397
100 33.3724
101 32.648
102 30.0697
103 32.3249
104 32.6575
105 33.1966
106 34.0906
107 30.4691
108 34.2766
109 29.575
110 32.0431
111 29.9066
112 30.6334
113 30.4441
114 32.6946
115 30.2323
116 31.6791
117 28.3354
118 28.5205
119 23.5594
120 49.775
