1 18.4954
2 24.2502
3 23.922
4 19.6445
5 20.7996
6 24.4004
7 25.9517
8 28.9355
9 32.6418
10 40.1261
11 38.5209
12 36.0546
13 39.2649
14 37.5603
15 39.2433
16 36.9862
17 27.6098
18 36.538
19 37.0427
20 33.578
21 32.1892
22 34.2726
23 34.058
24 28.8132
25 34.7233
26 33.7906
27 29.4834
28 31.6663
29 29.3733
30 10.9535
31 10.885
32 10.4852
33 11.8949
34 8.72851
35 7.8458
36 9.69348
37 14.0673
38 16.9058
39 16.7379
40 17.5529
41 19.2679
42 17.2669
43 19.2607
44 20.2068
45 27.9691
46 29.8697
47 34.6038
48 30.5534
49 38.0903
50 30.0823
51 37.249
52 32.8437
53 29.5697
54 28.8473
55 29.825
56 31.1207
57 26.5538
58 27.799
59 33.8775
60 29.8468
61 35.5505
62 34.5099
63 31.331
64 29.9794
65 30.7293
66 33.1527
67 29.2184
68 30.4612
69 30.0942
70 25.7087
71 35.5427
72 32.9606
73 30.6289
74 30.5351
75 32.2523
76 33.7283
77 34.0263
78 29.6464
79 27.621
80 33.1258
81 35.6499
82 34.4231
83 35.2313
84 31.948
85 35.9262
86 30.6656
87 34.2858
88 34.4554
89 31.874
90 35.5685
91 34.1227
92 29.8845
93 29.7101
94 32.9264
95 34.6708
96 29.8879
97 35.6068
98 32.1411
99 29.7357
100 33.0359
101 31.9366
102 31.9206
103 35.5228
104 29.0164
105 35.4305
106 34.3178
107 32.0152
108 32.6791
109 31.8051
110 22.6333
111 32.5928
112 32.2204
113 27.6685
114 33.7838
115 31.2715
116 33.7915
117 33.0383
118 29.0251
119 31.2224
120 45.254
