1 13.7448
2 15.3586
3 15.6143
4 20.2684
5 22.5649
6 24.2455
7 21.2977
8 18.939
9 20.9009
10 22.7479
11 20.0829
12 19.4614
13 19.7981
14 26.1937
15 28.4676
16 31.0362
17 30.9787
18 32.8397
19 32.8184
20 35.0871
21 32.9759
22 34.6345
23 34.5492
24 33.2127
25 37.854
26 34.8349
27 33.0266
28 32.6361
29 29.8709
30 25.6914
31 28.5162
32 25.3849
33 25.9163
34 29.137
35 32.8936
36 28.7531
37 30.7295
38 27.6437
39 29.6369
40 26.1848
41 28.7543
42 21.9357
43 27.5719
44 32.2554
45 34.4782
46 27.3461
47 26.1031
48 34.6294
49 30.7257
50 28.2498
51 25.1613
52 27.8035
53 26.2501
54 28.6919
55 29.0882
56 29.4816
57 32.9407
58 37.2639
59 30.8976
60 25.5891
61 22.2242
62 33.941
63 37.1769
64 37.7491
65 37.3338
66 30.3208
67 34.3999
68 33.8403
69 33.7243
70 34.7783
71 34.1411
72 35.4839
73 33.013
74 28.2919
75 32.5392
76 34.5896
77 33.6541
78 33.8321
79 32.7899
80 34.1869
81 32.1519
82 32.5339
83 30.1643
84 33.7214
85 35.481
86 32.1001
87 34.5845
88 30.6114
89 34.6591
90 27.7521
91 33.3713
92 32.8383
93 32.9355
94 31.3384
95 32.698
96 32.116
97 31.2234
98 27.5107
99 32.1665
100 31.6342
101 32.3772
102 29.3962
103 30.1641
104 27.6799
105 28.1197
106 31.9919
107 33.2768
108 23.5668
109 26.5972
110 28.2352
111 26.611
112 32.6318
113 27.3279
114 29.7136
115 30.2373
116 25.5284
117 32.3877
118 29.7827
119 26.266
120 48.5585
