1 15.7488
2 19.8429
3 20.819
4 20.6034
5 18.9047
6 17.1309
7 13.7848
8 16.045
9 14.1083
10 15.2172
11 17.5201
12 22.3385
13 25.6744
14 24.6639
15 23.273
16 23.7008
17 23.7183
18 22.9689
19 23.8602
20 24.6458
21 25.7425
22 25.6922
23 26.266
24 23.3082
25 29.6828
26 29.845
27 35.0886
28 30.7847
29 30.4972
30 24.9339
31 30.2834
32 34.7852
33 33.9439
34 26.8304
35 35.6187
36 31.2039
37 30.1916
38 28.7747
39 31.038
40 28.235
41 33.9496
42 27.4344
43 28.2838
44 30.7605
45 30.7127
46 25.3242
47 24.4521
48 26.4749
49 28.6872
50 39.2404
51 26.8628
52 26.8696
53 30.8455
54 28.9336
55 29.1215
56 29.6714
57 28.3596
58 27.2083
59 26.9445
60 34.413
61 33.1224
62 32.3292
63 31.4617
64 35.1224
65 35.4203
66 36.7117
67 27.2897
68 34.872
69 34.6897
70 37.0376
71 28.4265
72 33.5361
73 30.1157
74 29.2103
75 20.6343
76 30.8285
77 31.8335
78 36.3178
79 34.4741
80 34.2172
81 31.2959
82 33.1776
83 35.6178
84 34.4724
85 33.6935
86 31.8099
87 34.8622
88 32.0019
89 31.7128
90 29.7248
91 31.9071
92 35.4133
93 33.366
94 28.3183
95 35.3415
96 32.6211
97 24.0892
98 25.1106
99 23.7233
100 23.1064
101 21.9547
102 26.0459
103 27.9439
104 26.5455
105 33.3969
106 34.0823
107 32.4957
108 32.2117
109 33.3741
110 25.7441
111 30.211
112 31.1821
113 29.698
114 30.712
115 33.7205
116 30.832
117 30.1546
118 31.655
119 32.2541
120 38.7595
