1 17.1638
2 22.0867
3 24.4524
4 24.7045
5 30.0365
6 32.3233
7 30.493
8 20.4263
9 20.8382
10 22.5759
11 21.1873
12 20.4358
13 23.0181
14 29.246
15 32.3522
16 33.2309
17 34.1028
18 34.5175
19 29.4135
20 38.9866
21 31.6472
22 33.3461
23 33.5
24 33.9405
25 34.4084
26 29.0425
27 34.9439
28 32.979
29 30.6656
30 29.1687
31 27.3612
32 23.8292
33 28.4798
34 26.15
35 31.384
36 27.232
37 29.3695
38 28.1894
39 26.5195
40 27.4706
41 29.1596
42 23.3887
43 25.2107
44 33.9777
45 33.6418
46 32.634
47 25.221
48 36.7312
49 27.02
50 30.7103
51 25.1337
52 29.4744
53 30.2777
54 31.3405
55 32.5855
56 24.452
57 28.7852
58 36.4518
59 29.133
60 31.6711
61 22.137
62 35.3173
63 33.2576
64 36.8769
65 33.9463
66 30.5388
67 34.4928
68 36.509
69 37.569
70 35.3016
71 36.5039
72 34.3316
73 34.118
74 25.7073
75 33.1914
76 34.3048
77 32.215
78 34.3212
79 35.0401
80 35.3724
81 32.2011
82 35.9152
83 33.2337
84 34.3539
85 33.1421
86 32.2199
87 36.2941
88 33.8683
89 34.2237
90 29.3547
91 31.3345
92 36.9695
93 31.2573
94 33.753
95 31.6128
96 31.7362
97 32.4464
98 28.9452
99 31.2848
100 31.2009
101 32.1554
102 34.6726
103 31.8896
104 31.6084
105 32.7041
106 31.3524
107 29.2281
108 23.8658
109 25.8871
110 27.4873
111 31.0204
112 31.4163
113 29.8864
114 31.6986
115 31.975
116 25.498
117 29.3358
118 33.503
119 26.8898
120 33.0588
