1 7.5787
2 8.34852
3 9.59168
4 9.84492
5 8.4294
6 8.73477
7 9.44342
8 14.8565
9 17.5699
10 19.4861
11 20.5386
12 21.0978
13 19.3789
14 18.7537
15 20.8204
16 22.1649
17 22.0255
18 22.9051
19 25.177
20 24.5627
21 24.513
22 22.437
23 26.5942
24 25.541
25 26.932
26 27.0474
27 30.5817
28 26.1234
29 33.7345
30 30.6694
31 31.0218
32 31.1077
33 34.5715
34 31.3134
35 29.5415
36 24.8751
37 31.3285
38 33.7452
39 27.7568
40 27.676
41 28.275
42 28.716
43 27.9368
44 29.7794
45 25.8763
46 28.4751
47 29.3816
48 35.0656
49 31.5857
50 31.1508
51 34.1029
52 27.949
53 29.6809
54 27.9307
55 31.4608
56 36.5831
57 26.202
58 30.1019
59 22.9888
60 33.1912
61 30.0229
62 37.4678
63 31.385
64 30.6405
65 32.238
66 36.1444
67 36.7506
68 32.4756
69 28.6421
70 34.8309
71 32.1509
72 38.6498
73 36.769
74 31.7566
75 40.3957
76 37.91
77 35.9208
78 39.3362
79 37.8695
80 30.6557
81 31.9192
82 27.1306
83 27.0161
84 28.9885
85 25.8119
86 26.7893
87 28.435
88 30.1873
89 39.9394
90 33.8201
91 33.3803
92 35.4443
93 34.2151
94 34.5643
95 33.1596
96 32.7469
97 38.7556
98 36.7654
99 38.703
100 35.243
101 30.7807
102 40.8421
103 39.8825
104 37.4411
105 34.6115
106 35.7134
107 36.7796
108 30.8209
109 35.176
110 34.0081
111 38.231
112 37.9687
113 33.7211
114 33.5049
115 32.2841
116 32.4002
117 33.1201
118 29.8808
119 32.704
120 59.8123
