1 17.3172
2 20.38
3 20.1775
4 22.1931
5 26.8167
6 28.7332
7 31.3184
8 26.9529
9 27.9248
10 32.6057
11 31.6886
12 30.7243
13 29.9265
14 31.6754
15 32.2134
16 34.3772
17 31.1428
18 35.78
19 35.775
20 32.9093
21 34.8195
22 36.5193
23 44.2836
24 38.7738
25 38.0089
26 36.9802
27 35.4872
28 32.4625
29 36.7323
30 32.5616
31 25.7699
32 29.1359
33 31.4295
34 28.0295
35 28.9796
36 33.8014
37 33.7933
38 41.0947
39 34.9074
40 40.2465
41 40.8666
42 43.4299
43 38.5097
44 34.1346
45 35.3033
46 22.6202
47 39.2268
48 39.1003
49 32.1575
50 28.6299
51 34.7091
52 28.0214
53 23.4601
54 31.0022
55 33.8585
56 37.6944
57 34.8245
58 35.331
59 39.3864
60 36.3095
61 32.7083
62 33.3869
63 31.2488
64 30.7431
65 29.2697
66 34.1729
67 37.6141
68 35.1308
69 32.7095
70 32.1276
71 36.9688
72 34.8765
73 37.7033
74 37.5874
75 35.1553
76 33.4052
77 36.5793
78 31.4619
79 31.7774
80 33.7307
81 31.8778
82 23.1343
83 36.9835
84 35.9822
85 33.8508
86 35.0255
87 32.6847
88 32.8142
89 33.3042
90 31.4916
91 30.0677
92 33.7954
93 32.7327
94 30.6725
95 27.5003
96 28.9
97 33.0848
98 33.5556
99 29.2445
100 32.1166
101 25.8678
102 32.7552
103 30.2699
104 28.4017
105 27.6899
106 31.5688
107 31.7856
108 33.2595
109 31.2912
110 33.9154
111 31.553
112 28.7278
113 33.6143
114 27.8246
115 32.2029
116 29.9468
117 24.9407
118 28.8641
119 25.7641
120 41.0249
