1 17.2302
2 17.7191
3 16.862
4 17.4861
5 19.9074
6 30.6212
7 30.5185
8 29.9551
9 29.0498
10 27.8645
11 25.7882
12 30.6704
13 30.6149
14 33.3481
15 32.4075
16 25.547
17 17.9737
18 17.4083
19 17.9101
20 18.0359
21 18.0043
22 19.3371
23 19.1792
24 20.8563
25 18.9843
26 13.2935
27 14.2741
28 14.9548
29 15.3293
30 20.3686
31 21.8682
32 23.4762
33 24.9135
34 27.8043
35 25.9129
36 25.5831
37 24.9858
38 25.6925
39 26.9568
40 27.7146
41 31.1831
42 30.7094
43 31.2338
44 30.4372
45 36.531
46 23.9643
47 36.0128
48 38.1541
49 29.9958
50 27.1985
51 33.4868
52 30.9585
53 23.7903
54 28.6544
55 33.9434
56 34.6319
57 32.3863
58 37.0726
59 37.4026
60 35.2435
61 36.7087
62 34.7295
63 30.1864
64 34.5317
65 31.1205
66 34.3638
67 34.4818
68 36.0821
69 36.6167
70 32.5472
71 34.0967
72 33.9848
73 32.5331
74 34.081
75 33.2544
76 32.7754
77 33.6625
78 28.2497
79 33.5731
80 33.256
81 31.7621
82 25.2189
83 33.5117
84 33.7367
85 32.8896
86 33.4165
87 34.6103
88 30.4781
89 30.4445
90 31.3303
91 29.0329
92 31.3485
93 31.8211
94 30.3042
95 30.4466
96 31.4564
97 33.9935
98 34.4236
99 28.7223
100 32.8587
101 31.2385
102 32.9038
103 32.1184
104 28.261
105 29.1277
106 29.6743
107 32.1177
108 29.1591
109 27.1472
110 29.856
111 28.2782
112 30.2143
113 27.1724
114 29.9399
115 27.3668
116 31.479
117 26.9132
118 30.7349
119 28.1346
120 67.5507
