1 14.4874
2 19.5866
3 19.601
4 18.8668
5 19.8979
6 21.4858
7 24.5939
8 31.3358
9 35.2036
10 36.8785
11 37.3594
12 33.3164
13 36.0677
14 36.8072
15 39.0748
16 36.0309
17 36.2559
18 32.7996
19 37.2204
20 34.4217
21 36.2225
22 33.8297
23 34.0498
24 31.4652
25 30.1483
26 29.8725
27 32.5903
28 29.3272
29 29.3511
30 28.1393
31 29.065
32 27.3219
33 33.1791
34 27.9113
35 30.6393
36 26.3459
37 29.7514
38 32.0891
39 25.7255
40 21.1759
41 23.6594
42 25.263
43 31.0407
44 30.6042
45 26.4541
46 29.6906
47 31.079
48 32.1846
49 25.038
50 28.9607
51 35.329
52 26.6386
53 29.3745
54 30.0042
55 29.7515
56 34.0436
57 28.4038
58 27.5795
59 25.6048
60 31.9557
61 27.922
62 29.7267
63 35.3006
64 33.6485
65 27.8311
66 15.4094
67 14.9561
68 16.5093
69 18.801
70 17.1779
71 18.5758
72 17.402
73 16.103
74 15.7324
75 15.478
76 14.3053
77 12.1488
78 11.6124
79 12.9298
80 12.5786
81 13.8297
82 13.3738
83 13.5481
84 14.0563
85 12.2873
86 11.9954
87 12.7436
88 13.0077
89 13.2186
90 12.5202
91 11.2259
92 11.002
93 10.632
94 10.4343
95 13.0325
96 12.4109
97 12.2259
98 13.1277
99 12.4492
100 13.7019
101 15.6215
102 15.4995
103 15.14
104 15.2667
105 15.7649
106 17.435
107 19.0193
108 19.0814
109 21.4982
110 21.7037
111 20.1381
112 20.1926
113 21.9982
114 24.3708
115 24.134
116 21.8426
117 20.7898
118 23.9805
119 26.5158
120 22.7494
