1 16.819
2 17.9321
3 20.7045
4 26.0723
5 26.6018
6 30.2292
7 30.0664
8 29.4567
9 30.3485
10 34.1957
11 32.7352
12 32.1709
13 32.7232
14 33.0623
15 44.8844
16 34.8624
17 35.0104
18 37.4943
19 36.0058
20 35.8181
21 34.7812
22 36.2418
23 42.5004
24 41.5883
25 41.3618
26 34.6579
27 38.6444
28 34.5579
29 35.2868
30 35.7474
31 28.017
32 33.7564
33 29.8504
34 28.3293
35 28.4101
36 32.6924
37 32.4982
38 42.2307
39 40.6473
40 39.7437
41 36.6426
42 41.8663
43 38.2908
44 33.7389
45 33.7895
46 17.9128
47 40.7596
48 37.7581
49 32.9207
50 26.9631
51 33.9468
52 27.1986
53 24.4478
54 30.223
55 29.7245
56 33.5005
57 32.604
58 38.4357
59 39.3648
60 34.5859
61 37.8184
62 34.2765
63 31.596
64 32.2452
65 28.6737
66 34.5404
67 36.8099
68 36.5196
69 33.6937
70 30.0261
71 33.3594
72 32.7227
73 34.0139
74 33.3144
75 31.8986
76 35.6665
77 35.5017
78 33.5459
79 35.4268
80 35.9018
81 30.8084
82 25.9625
83 34.1741
84 33.1969
85 33.8404
86 34.5633
87 35.9289
88 32.085
89 28.9052
90 33.2677
91 25.9434
92 35.2166
93 32.7047
94 30.8835
95 30.0554
96 34.163
97 34.4303
98 31.698
99 26.7152
100 29.9103
101 25.9004
102 29.5426
103 31.352
104 27.8246
105 30.7014
106 30.0327
107 32.5935
108 29.8772
109 30.3094
110 30.9733
111 27.3301
112 29.9824
113 31.9089
114 29.4062
115 29.3092
116 29.1832
117 25.7796
118 31.689
119 31.2607
120 45.7907
