1 7.14581
2 7.26617
3 7.01172
4 6.20966
5 6.11914
6 6.4823
7 7.35527
8 8.1198
9 8.59735
10 8.68211
11 9.83139
12 8.75397
13 8.47969
14 10.3764
15 9.97156
16 16.7544
17 25.387
18 32.356
19 27.7059
20 26.1482
21 25.462
22 25.3452
23 26.5399
24 23.6346
25 24.6597
26 30.8842
27 28.5312
28 30.5287
29 24.9378
30 26.3588
31 24.8032
32 22.5702
33 18.7369
34 18.5034
35 22.2757
36 20.4119
37 22.32
38 22.2321
39 20.7217
40 24.3052
41 24.5315
42 22.5017
43 28.4383
44 28.4241
45 27.8043
46 32.9576
47 31.0477
48 35.2894
49 23.0953
50 30.0407
51 29.5563
52 25.3056
53 26.6057
54 30.1398
55 28.744
56 26.8345
57 25.0928
58 28.8948
59 30.433
60 37.2614
61 33.2643
62 35.202
63 35.0163
64 29.9381
65 32.2542
66 35.4445
67 38.2962
68 27.9472
69 35.4964
70 30.7274
71 34.2369
72 37.705
73 35.5128
74 30.4559
75 26.497
76 27.1866
77 35.3382
78 32.9662
79 30.8847
80 35.7896
81 32.6421
82 30.4739
83 33.0626
84 33.4996
85 29.4281
86 28.0813
87 28.4018
88 31.3675
89 28.4681
90 35.1229
91 35.0689
92 37.6397
93 29.9569
94 36.3794
95 33.3777
96 31.708
97 31.757
98 32.8797
99 31.3842
100 33.2322
101 30.3745
102 29.5211
103 33.4395
104 32.4587
105 36.406
106 32.3836
107 31.6913
108 32.2234
109 32.0017
110 33.1862
111 35.217
112 28.2687
113 33.7063
114 34.0711
115 36.9133
116 31.9678
117 29.1432
118 33.867
119 34.6026
120 49.9576
