1 15.5825
2 18.6023
3 19.6343
4 17.4144
5 16.6703
6 18.1758
7 20.3581
8 23.642
9 26.9374
10 32.8967
11 36.0021
12 31.5945
13 24.7412
14 23.3297
15 22.8753
16 21.7611
17 21.5446
18 22.6111
19 20.5013
20 21.1338
21 21.8646
22 19.5404
23 15.5353
24 15.2987
25 15.0274
26 15.9921
27 15.4979
28 16.6147
29 19.5814
30 26.752
31 24.3175
32 25.0322
33 24.5911
34 23.6757
35 22.0936
36 25.0859
37 24.9888
38 20.3308
39 23.7921
40 19.0337
41 22.8711
42 22.7599
43 22.2127
44 29.2678
45 31.6276
46 32.5454
47 35.3084
48 34.731
49 34.6181
50 33.4715
51 34.0485
52 36.9812
53 23.3354
54 36.0566
55 24.1967
56 24.1918
57 30.1402
58 32.4953
59 37.6456
60 35.9186
61 34.4648
62 38.923
63 36.776
64 26.8191
65 33.3748
66 36.8577
67 38.4551
68 36.929
69 39.4852
70 39.0108
71 36.2223
72 38.8471
73 33.9019
74 36.9646
75 34.662
76 35.7888
77 39.8868
78 30.0467
79 26.9403
80 26.8924
81 31.4377
82 31.0348
83 30.7604
84 33.014
85 30.574
86 33.0515
87 35.1253
88 33.2346
89 31.3417
90 32.4169
91 29.8697
92 30.2961
93 32.3699
94 32.1554
95 32.5474
96 31.3072
97 33.3484
98 32.2131
99 34.1178
100 31.1473
101 32.3125
102 29.5365
103 31.6206
104 33.0055
105 33.0576
106 32.7115
107 32.2454
108 33.3981
109 31.2019
110 32.137
111 32.6396
112 33.5871
113 34.5576
114 29.5187
115 31.2242
116 33.2691
117 34.6234
118 33.7396
119 33.5762
120 33.6378
