1 6.2381
2 6.92528
3 7.35
4 8.53179
5 10.943
6 14.4467
7 17.8345
8 19.8334
9 21.8746
10 23.0478
11 27.1984
12 29.8603
13 36.5621
14 35.8958
15 24.2529
16 28.3988
17 31.5908
18 35.298
19 32.2268
20 39.1757
21 35.3833
22 30.1786
23 32.5948
24 35.9073
25 31.21
26 30.978
27 27.422
28 26.2555
29 29.8565
30 27.2921
31 25.3435
32 32.3796
33 30.5357
34 30.9465
35 26.1217
36 34.2256
37 22.5374
38 24.6732
39 28.8201
40 28.2692
41 27.5867
42 39.7329
43 31.2391
44 30.0103
45 33.3605
46 33.2907
47 25.6647
48 29.1865
49 27.065
50 30.869
51 28.4687
52 28.503
53 29.6816
54 33.7665
55 26.3698
56 32.4618
57 31.9801
58 37.1604
59 37.9906
60 36.7346
61 35.6137
62 36.933
63 36.0653
64 36.7433
65 36.4357
66 36.1219
67 34.8043
68 33.3056
69 25.5364
70 31.9709
71 34.6996
72 34.9413
73 33.2699
74 31.5085
75 31.1457
76 32.9978
77 33.7524
78 37.3557
79 36.3436
80 33.1435
81 34.8881
82 34.3207
83 32.6834
84 35.0372
85 34.0734
86 36.5676
87 33.4547
88 36.562
89 33.4399
90 34.4856
91 28.0976
92 34.0659
93 33.4415
94 31.3135
95 33.72
96 34.1165
97 33.4174
98 31.7239
99 28.3384
100 31.4385
101 30.0114
102 30.2165
103 31.508
104 32.5684
105 33.216
106 31.3315
107 27.4406
108 28.0897
109 30.4429
110 28.1845
111 30.8795
112 30.3297
113 31.9511
114 32.3519
115 31.6316
116 34.1746
117 26.1705
118 27.9239
119 23.4273
120 48.4484
