1 15.0867
2 16.8135
3 16.2581
4 17.093
5 16.7154
6 18.8
7 30.6716
8 34.7449
9 33.8727
10 32.2031
11 33.8637
12 31.5554
13 25.8691
14 28.5331
15 34.9739
16 31.6907
17 34.1529
18 39.4817
19 32.4091
20 36.6489
21 35.9019
22 34.8911
23 31.9854
24 24.984
25 24.6001
26 28.9719
27 23.7305
28 21.7554
29 22.2944
30 24.886
31 20.9242
32 21.4514
33 24.2501
34 22.7337
35 21.8272
36 24.6729
37 29.5734
38 21.4381
39 25.547
40 21.1665
41 26.006
42 23.8004
43 23.874
44 28.6508
45 29.7246
46 39.3491
47 37.7052
48 30.3584
49 37.7046
50 33.8203
51 36.6224
52 31.7121
53 24.6715
54 33.4386
55 27.9622
56 23.8216
57 29.273
58 36.1674
59 34.6882
60 36.1281
61 36.05
62 37.3751
63 36.1289
64 27.8706
65 31.1865
66 37.6284
67 36.8796
68 37.6477
69 35.9148
70 38.668
71 36.6376
72 32.4032
73 35.5757
74 28.3311
75 31.8759
76 34.9472
77 36.0075
78 28.3425
79 32.9772
80 31.3744
81 31.1386
82 31.692
83 30.8238
84 31.7172
85 34.1213
86 31.3744
87 30.365
88 34.0432
89 29.745
90 30.3467
91 32.2376
92 32.139
93 28.4058
94 28.842
95 30.5018
96 32.1748
97 27.0839
98 33.0642
99 32.7291
100 34.5955
101 31.7586
102 32.9637
103 33.9127
104 32.0581
105 31.3369
106 31.5606
107 31.1514
108 30.3923
109 30.5506
110 26.6922
111 26.2629
112 27.048
113 31.4953
114 28.2774
115 27.8317
116 29.623
117 25.2029
118 29.5784
119 28.0253
120 55.7505
