1 3.77684
2 4.40523
3 4.26881
4 4.8672
5 5.57836
6 6.05729
7 6.13559
8 6.51396
9 8.73974
10 10.8944
11 10.9197
12 10.498
13 10.2587
14 9.97496
15 12.7382
16 12.8815
17 12.7714
18 12.8061
19 12.9907
20 13.4156
21 13.0551
22 12.8234
23 13.0328
24 14.3777
25 14.4702
26 13.7192
27 12.9503
28 13.2284
29 13.9725
30 13.621
31 13.4058
32 13.6207
33 14.142
34 14.1924
35 13.7853
36 13.6786
37 13.6192
38 13.0135
39 14.8891
40 13.872
41 12.2683
42 12.1708
43 12.6609
44 13.1216
45 13.2474
46 14.5398
47 14.0844
48 13.8643
49 11.4575
50 11.4337
51 11.6018
52 11.4635
53 9.56171
54 10.203
55 10.1396
56 9.97458
57 9.2566
58 9.05245
59 9.46139
60 9.56134
61 9.63272
62 9.41357
63 9.71386
64 14.6983
65 14.3033
66 12.7812
67 14.8658
68 16.0443
69 17.0055
70 14.8814
71 14.8345
72 14.7281
73 20.7255
74 21.7958
75 22.2032
76 22.8639
77 23.0606
78 22.9343
79 24.5312
80 22.3471
81 22.4643
82 23.5249
83 24.1593
84 25.3606
85 26.3306
86 24.9485
87 22.1736
88 24.4337
89 29.5967
90 29.6271
91 28.9326
92 32.6142
93 32.7242
94 31.7524
95 31.4301
96 33.5317
97 31.693
98 36.7078
99 31.1585
100 35.1415
101 33.0519
102 34.5348
103 34.7967
104 38.1582
105 31.2615
106 28.7302
107 39.938
108 42.8132
109 46.7601
110 34.706
111 38.3601
112 37.3229
113 35.3756
114 43.1214
115 37.9343
116 40.8054
117 41.9787
118 38.3098
119 36.8694
120 52.1823
