1 3.22406
2 3.84768
3 4.23179
4 4.0359
5 4.38739
6 5.25251
7 5.87929
8 5.71876
9 5.67579
10 5.91769
11 5.85528
12 6.43494
13 7.01029
14 7.59189
15 8.10657
16 12.4788
17 12.8915
18 12.6995
19 14.0137
20 13.5499
21 13.0527
22 13.8308
23 12.9219
24 12.9861
25 19.0009
26 19.2146
27 17.936
28 15.0153
29 12.9818
30 9.72828
31 10.1662
32 10.3225
33 10.2804
34 10.1858
35 9.05013
36 8.51579
37 11.0482
38 9.37079
39 7.5242
40 8.09996
41 8.26641
42 8.94427
43 8.62827
44 8.16001
45 8.19832
46 8.97645
47 9.1396
48 8.38293
49 9.34172
50 9.34598
51 9.35518
52 9.37066
53 10.3306
54 11.7284
55 13.6425
56 13.5066
57 14.7858
58 14.1321
59 13.3742
60 14.6562
61 14.9824
62 14.4794
63 14.0195
64 11.9126
65 10.0499
66 10.0387
67 10.0576
68 12.4722
69 11.2454
70 9.13257
71 9.52958
72 8.93948
73 9.31088
74 10.8368
75 13.4683
76 12.9307
77 13.026
78 15.3807
79 14.8802
80 16.8149
81 21.7207
82 21.9903
83 19.1172
84 18.2053
85 18.1273
86 17.6334
87 19.5762
88 22.4744
89 24.5572
90 25.2968
91 25.7478
92 21.0749
93 19.6068
94 18.4108
95 24.0828
96 24.0961
97 26.1084
98 25.5184
99 25.1625
100 28.9506
101 40.1103
102 32.9809
103 35.723
104 40.516
105 32.2329
106 39.9869
107 43.3282
108 28.5208
109 31.7777
110 35.4896
111 39.7432
112 37.8109
113 29.7121
114 32.4059
115 28.2197
116 29.6089
117 28.0279
118 26.6757
119 30.6799
120 53.4688
