1 3.71555
2 4.38594
3 4.14669
4 4.53729
5 4.38113
6 5.21767
7 6.14463
8 7.06779
9 7.37016
10 7.05848
11 8.20643
12 8.28903
13 8.20329
14 8.64984
15 8.86624
16 9.63223
17 9.51837
18 10.5391
19 9.72051
20 8.57353
21 8.06184
22 6.9735
23 7.31542
24 9.29904
25 9.65971
26 10.0934
27 10.2635
28 10.7507
29 12.3647
30 11.8243
31 10.6751
32 9.90709
33 9.9207
34 9.47388
35 9.69092
36 10.3026
37 11.1193
38 15.176
39 14.7427
40 14.9604
41 15.3979
42 18.0908
43 19.182
44 20.4203
45 19.862
46 20.4163
47 20.2629
48 20.117
49 19.9451
50 17.8329
51 18.1021
52 18.3866
53 19.0268
54 18.6528
55 21.9765
56 27.6072
57 30.9016
58 28.2135
59 24.5155
60 37.2953
61 31.6411
62 33.8221
63 32.9755
64 32.8196
65 34.1144
66 36.8331
67 40.5262
68 55.9236
69 49.124
70 52.1199
71 48.5212
72 74.7789
73 63.712
74 70.8118
75 68.0034
76 63.0328
77 73.9557
78 73.9891
79 78.4952
80 69.5864
81 67.5823
82 58.7529
83 70.8067
84 58.68
85 64.2054
86 67.9885
87 68.1537
88 50.8959
89 67.0138
90 64.1202
91 65.7097
92 69.1181
93 55.7314
94 56.6877
95 36.4014
96 33.3696
97 36.0061
98 27.1112
99 25.9928
100 32.0207
101 37.4477
102 33.9725
103 29.8202
104 41.931
105 27.3669
106 46.3061
107 40.337
108 29.1506
109 30.3081
110 37.8684
111 38.0189
112 41.2225
113 28.6384
114 31.351
115 30.7106
116 28.8523
117 28.3908
118 29.4336
119 28.3113
120 46.2942
