1 6.09902
2 7.17465
3 6.82047
4 7.57237
5 7.68546
6 7.65894
7 7.25018
8 7.3608
9 6.11617
10 7.04225
11 6.88313
12 6.31409
13 6.72935
14 6.8461
15 6.91634
16 8.26855
17 8.51741
18 9.89876
19 9.59926
20 8.55869
21 10.2084
22 9.68354
23 8.39631
24 8.33694
25 8.0311
26 8.03137
27 8.07616
28 9.04653
29 8.98849
30 8.21399
31 7.08123
32 6.62252
33 7.64192
34 7.0714
35 8.38073
36 10.2509
37 10.1675
38 10.1208
39 10.324
40 10.6136
41 10.6947
42 13.1531
43 12.7556
44 12.3817
45 12.251
46 12.8846
47 10.7974
48 10.2845
49 10.5933
50 9.40564
51 8.60849
52 9.32666
53 9.60735
54 10.7124
55 11.0059
56 11.3515
57 12.0113
58 11.6033
59 11.463
60 11.4076
61 12.7693
62 13.2278
63 13.6489
64 14.571
65 14.3733
66 12.3625
67 11.2123
68 12.1572
69 12.5334
70 11.9272
71 12.6336
72 13.1072
73 12.9738
74 12.7184
75 12.5881
76 12.4004
77 12.9374
78 13.4126
79 13.3543
80 12.5502
81 13.927
82 14.2263
83 13.2232
84 15.2898
85 15.8844
86 17.0444
87 19.9623
88 21.8654
89 22.0253
90 18.7997
91 12.4008
92 12.6503
93 13.2521
94 14.572
95 15.2914
96 13.3819
97 13.3406
98 12.4654
99 11.5114
100 11.7259
101 11.2104
102 10.8157
103 11.3578
104 11.4635
105 11.4141
106 11.3996
107 11.5935
108 11.4637
109 11.3474
110 11.3938
111 11.3173
112 10.679
113 10.1094
114 10.325
115 10.3514
116 10.4646
117 10.737
118 12.2876
119 12.7173
120 12.5794
