1 3.81019
2 5.05073
3 5.001
4 4.59766
5 4.73289
6 5.25591
7 5.76832
8 6.15096
9 13.2458
10 18.8198
11 16.8743
12 14.9967
13 14.0343
14 13.8397
15 13.9114
16 13.6559
17 13.2796
18 13.0672
19 13.9528
20 13.6154
21 14.5921
22 16.109
23 14.8478
24 15.6547
25 17.3316
26 16.8893
27 15.5313
28 17.3501
29 19.0399
30 19.9864
31 19.1363
32 17.688
33 16.7559
34 17.4495
35 15.3098
36 14.936
37 10.5787
38 10.5696
39 10.4832
40 10.4992
41 10.7418
42 10.9242
43 10.9739
44 10.9759
45 10.3173
46 9.8193
47 10.6573
48 13.9459
49 13.4756
50 13.9716
51 12.5209
52 12.1627
53 13.9227
54 11.0301
55 11.0775
56 10.6684
57 9.91887
58 10.6906
59 11.145
60 10.7205
61 10.1784
62 9.45148
63 9.50158
64 9.21788
65 10.4084
66 10.1822
67 11.5411
68 12.8769
69 12.5627
70 12.7383
71 12.6873
72 10.8434
73 10.7002
74 10.251
75 10.2936
76 10.4841
77 11.2328
78 10.9217
79 11.0906
80 10.7802
81 10.8273
82 10.1248
83 12.5787
84 12.7945
85 12.6003
86 11.8799
87 13.203
88 14.7132
89 14.42
90 14.2338
91 14.2148
92 13.9422
93 9.18243
94 8.76445
95 9.10288
96 9.45474
97 10.5307
98 10.6341
99 10.5304
100 9.76262
101 9.50285
102 9.61648
103 9.3608
104 9.31969
105 9.13904
106 9.56832
107 9.66137
108 9.02532
109 12.0629
110 14.4798
111 14.0442
112 14.3811
113 14.7793
114 14.3471
115 13.85
116 12.6963
117 12.9754
118 12.8984
119 13.0099
120 12.8523
