1 4.13078
2 4.95517
3 5.16138
4 5.70614
5 6.4745
6 6.97393
7 8.3873
8 7.84715
9 8.81381
10 8.86772
11 8.56711
12 9.23013
13 9.18935
14 9.41432
15 9.54735
16 9.16953
17 9.17789
18 9.1266
19 9.76776
20 9.78336
21 10.111
22 9.56217
23 8.81152
24 9.05433
25 9.35114
26 9.5918
27 8.56322
28 8.65788
29 9.89101
30 10.0619
31 9.3716
32 9.05581
33 9.29162
34 9.15213
35 8.80705
36 9.75176
37 10.6174
38 10.9547
39 10.8023
40 10.6275
41 12.2235
42 16.314
43 17.7185
44 17.888
45 17.1547
46 15.4929
47 14.1305
48 12.6563
49 13.0672
50 12.6809
51 11.4669
52 14.1446
53 14.2931
54 14.1225
55 14.5895
56 14.6124
57 14.623
58 14.6311
59 14.6791
60 17.957
61 18.7934
62 18.2937
63 17.6439
64 16.3501
65 16.9792
66 22.6219
67 19.8698
68 15.2981
69 15.3321
70 15.8233
71 13.1306
72 12.6453
73 11.9364
74 11.1494
75 11.2449
76 10.3635
77 9.44526
78 9.29643
79 9.24619
80 9.38557
81 9.18159
82 11.108
83 13.4946
84 14.8895
85 16.0368
86 15.2008
87 14.6235
88 14.3814
89 13.86
90 13.9364
91 13.6325
92 15.0526
93 16.5947
94 17.8326
95 17.5648
96 18.236
97 17.8687
98 17.4289
99 20.3388
100 20.5638
101 19.0199
102 17.706
103 19.6659
104 24.9083
105 25.2311
106 28.4035
107 30.4987
108 29.5113
109 28.4156
110 33.3478
111 30.6818
112 31.2834
113 29.5501
114 30.5567
115 28.8462
116 27.6875
117 29.8787
118 28.9426
119 34.6439
120 50.2239
