1 5.10404
2 6.20043
3 6.08741
4 6.36126
5 6.79836
6 8.62088
7 8.9882
8 8.91119
9 7.35676
10 9.37196
11 8.99493
12 8.73112
13 8.93492
14 8.55662
15 11.5429
16 12.6165
17 13.7068
18 16.1676
19 18.1502
20 17.6864
21 18.8201
22 22.8614
23 25.8037
24 32.2573
25 34.9437
26 35.245
27 40.0948
28 39.8255
29 39.3631
30 38.2294
31 35.1795
32 34.9688
33 35.1358
34 31.0471
35 30.0788
36 32.2737
37 42.3025
38 41.4801
39 35.421
40 36.8219
41 37.3857
42 38.1595
43 33.6657
44 28.7543
45 29.5461
46 30.7322
47 34.5564
48 32.1595
49 30.5991
50 36.8524
51 30.1412
52 33.635
53 32.8563
54 33.1754
55 30.0092
56 36.0118
57 35.8075
58 31.8292
59 32.2968
60 33.0012
61 35.34
62 34.4489
63 38.9659
64 35.6653
65 38.497
66 34.4969
67 35.5585
68 39.1385
69 33.0841
70 39.1255
71 35.3194
72 36.4611
73 39.8168
74 42.2382
75 31.4892
76 34.8575
77 38.1779
78 37.7097
79 34.2078
80 31.7319
81 31.8927
82 31.9204
83 31.6457
84 31.3223
85 32.6098
86 31.1897
87 31.9562
88 29.6904
89 36.8302
90 27.915
91 33.4171
92 32.3465
93 38.6547
94 40.147
95 37.6817
96 29.4701
97 39.394
98 38.1305
99 35.4473
100 32.8549
101 30.2369
102 26.8648
103 25.9075
104 35.5577
105 37.5018
106 37.8714
107 35.1326
108 26.7551
109 27.815
110 29.2566
111 32.6598
112 29.3156
113 31.7634
114 25.7475
115 27.7308
116 27.4687
117 30.8552
118 28.6731
119 28.6827
120 69.0278
