1 2.71738
2 3.88673
3 4.46276
4 6.03354
5 7.31869
6 7.27699
7 8.7422
8 9.24904
9 10.9985
10 12.1611
11 14.9985
12 16.0987
13 18.5454
14 24.7977
15 23.3597
16 23.2666
17 25.0491
18 26.1106
19 23.532
20 20.2634
21 22.1581
22 21.9283
23 21.9012
24 20.7096
25 20.4893
26 20.7028
27 20.9375
28 19.6059
29 19.1023
30 18.5418
31 19.1647
32 20.1772
33 20.1935
34 16.1373
35 15.624
36 16.1215
37 16.6949
38 17.9276
39 19.4475
40 21.6583
41 21.3562
42 26.5229
43 26.8023
44 27.4631
45 28.466
46 27.5827
47 26.2823
48 34.792
49 27.6854
50 23.253
51 26.5491
52 24.3933
53 23.3519
54 22.9844
55 24.0403
56 26.9491
57 26.3514
58 28.856
59 24.8533
60 26.1452
61 21.7493
62 23.8122
63 31.3705
64 29.2177
65 25.5632
66 27.9679
67 25.8979
68 38.5863
69 24.4627
70 34.3478
71 33.009
72 24.7864
73 20.0392
74 22.5624
75 21.9884
76 21.3389
77 22.0793
78 25.3368
79 22.6592
80 27.5589
81 25.1904
82 25.8647
83 28.5313
84 29.9032
85 33.0547
86 35.6752
87 38.4679
88 36.148
89 36.8357
90 31.7874
91 29.1563
92 30.6898
93 36.1052
94 33.6089
95 33.1627
96 34.6395
97 34.9504
98 33.5822
99 24.4268
100 37.908
101 35.9168
102 33.7118
103 31.6385
104 33.222
105 24.9983
106 29.5337
107 39.3875
108 31.9446
109 31.6216
110 29.7664
111 28.4806
112 34.8493
113 28.1941
114 31.3844
115 37.741
116 39.4414
117 36.4181
118 35.899
119 36.7725
120 41.787
