1 2.47206
2 3.00757
3 3.65964
4 3.70143
5 3.52373
6 5.08202
7 7.12326
8 8.09791
9 8.0333
10 8.51772
11 9.97711
12 10.2993
13 9.65534
14 10.5668
15 9.95779
16 9.87078
17 9.82639
18 9.66438
19 9.86899
20 10.1291
21 9.88788
22 11.0536
23 9.80242
24 9.90147
25 11.3764
26 14.6214
27 16.1055
28 15.0147
29 10.8411
30 11.428
31 11.442
32 14.234
33 13.9122
34 14.355
35 14.1931
36 13.9229
37 13.9983
38 14.744
39 15.2362
40 15.5066
41 14.8226
42 14.6387
43 11.8466
44 12.8381
45 13.182
46 13.9912
47 14.3322
48 16.3503
49 18.2102
50 19.2954
51 18.8795
52 18.2965
53 19.8481
54 20.4761
55 21.3705
56 22.8984
57 21.204
58 27.0309
59 27.8756
60 27.3128
61 28.9456
62 26.2988
63 26.9704
64 30.9542
65 36.6953
66 31.645
67 21.9454
68 21.5199
69 21.4299
70 23.3766
71 25.8423
72 27.4402
73 27.6904
74 20.3585
75 19.9691
76 21.098
77 21.5732
78 25.3245
79 23.7318
80 21.6018
81 21.5564
82 21.1933
83 21.2753
84 19.9822
85 18.0237
86 18.6238
87 21.3207
88 24.4477
89 26.4764
90 25.8659
91 26.9132
92 23.2533
93 21.7015
94 21.5453
95 21.2531
96 21.7005
97 25.1735
98 22.9697
99 24.0295
100 25.5022
101 26.0063
102 24.0513
103 20.7673
104 20.472
105 19.6018
106 17.6207
107 18.0628
108 22.4148
109 23.0251
110 24.1516
111 25.2477
112 25.6728
113 25.1578
114 25.1122
115 26.1609
116 30.5325
117 28.3093
118 32.6117
119 36.128
120 44.483
