1 2.641
2 3.38045
3 3.7048
4 3.53345
5 3.6742
6 4.89022
7 5.26972
8 6.75774
9 6.68734
10 7.42131
11 7.55094
12 8.11498
13 10.4845
14 11.62
15 13.1628
16 15.0961
17 17.953
18 17.8764
19 16.5823
20 16.9687
21 17.5958
22 17.0596
23 17.4655
24 13.7867
25 13.4265
26 12.8336
27 12.6419
28 13.7366
29 14.3693
30 14.9716
31 14.5909
32 15.0121
33 14.378
34 14.6955
35 14.4025
36 14.8058
37 15.4079
38 15.4056
39 15.7474
40 20.794
41 25.5704
42 27.1539
43 26.1419
44 21.1674
45 19.9288
46 19.8041
47 19.2314
48 21.3362
49 22.7385
50 22.0983
51 22.1673
52 25.9884
53 25.5976
54 24.8093
55 25.1559
56 27.4441
57 26.5551
58 25.5043
59 26.6774
60 24.7332
61 24.7126
62 22.3201
63 23.2975
64 22.5576
65 21.6369
66 18.1767
67 17.6717
68 17.0843
69 18.6247
70 17.7323
71 17.2711
72 19.123
73 18.1226
74 17.584
75 19.2841
76 18.6842
77 20.34
78 21.137
79 21.4141
80 22.1337
81 22.7225
82 31.2787
83 32.5571
84 31.9909
85 38.7473
86 29.2507
87 36.2427
88 28.6532
89 39.6684
90 35.6688
91 37.0382
92 32.5437
93 40.2641
94 41.4412
95 39.5077
96 32.0668
97 38.6396
98 39.7418
99 39.5346
100 36.0756
101 32.1133
102 27.5421
103 29.5773
104 34.8562
105 36.1913
106 37.4172
107 34.0494
108 28.2246
109 26.6047
110 27.9307
111 31.5223
112 31.4353
113 30.3325
114 26.2909
115 31.892
116 29.7948
117 28.2432
118 25.3385
119 28.7892
120 62.1224
