1 6.73442
2 8.56858
3 8.35558
4 8.28439
5 10.202
6 10.2971
7 10.6716
8 9.94825
9 11.7175
10 12.585
11 13.9322
12 14.5567
13 16.4702
14 16.8828
15 15.8747
16 13.5974
17 12.6852
18 12.7189
19 13.5328
20 14.4172
21 16.41
22 20.1296
23 20.5885
24 20.7884
25 19.7982
26 18.8598
27 18.9303
28 18.509
29 18.6485
30 19.5531
31 18.5106
32 18.7826
33 20.3831
34 20.5643
35 20.4928
36 20.6729
37 20.9879
38 20.5293
39 23.9248
40 25.0426
41 24.6561
42 25.175
43 24.943
44 25.9587
45 27.3594
46 31.3975
47 29.1337
48 40.0802
49 27.2968
50 22.865
51 30.6979
52 26.6482
53 25.6078
54 25.8984
55 33.266
56 33.3132
57 34.8908
58 32.8721
59 26.3016
60 33.5014
61 27.9422
62 29.4775
63 26.1364
64 31.0643
65 27.4677
66 29.0555
67 26.346
68 38.4063
69 25.4692
70 34.8506
71 38.2717
72 38.095
73 31.0537
74 32.7788
75 38.474
76 37.5017
77 36.2395
78 31.4989
79 25.9928
80 30.7146
81 32.6542
82 34.8924
83 30.2874
84 30.5387
85 31.8014
86 31.6528
87 34.8526
88 34.8465
89 36.9066
90 28.1859
91 27.4225
92 32.7435
93 32.4456
94 34.4088
95 34.3495
96 28.5212
97 36.7143
98 34.2026
99 21.5854
100 37.9068
101 35.1685
102 31.527
103 34.6029
104 33.1749
105 24.8713
106 32.3339
107 37.5097
108 34.3942
109 33.2206
110 33.2854
111 32.3427
112 37.7927
113 32.02
114 33.2077
115 35.4801
116 34.6829
117 40.0079
118 35.2085
119 33.3675
120 47.4146
