1 10.6657
2 12.5234
3 12.0724
4 12.2744
5 15.5287
6 16.242
7 14.828
8 15.8014
9 23.8293
10 22.928
11 23.9007
12 23.0223
13 23.582
14 18.7401
15 19.9244
16 20.3429
17 19.0582
18 21.3104
19 22.48
20 22.1433
21 21.9237
22 21.9729
23 22.7255
24 21.4989
25 20.3962
26 20.8683
27 22.1274
28 21.2817
29 18.0396
30 15.4945
31 12.7113
32 12.4595
33 12.2567
34 13.1351
35 16.0659
36 15.7917
37 16.7674
38 19.463
39 15.7136
40 13.8466
41 13.3859
42 14.1056
43 14.3973
44 14.4406
45 14.3592
46 16.5015
47 18.2217
48 19.4878
49 19.6319
50 23.5338
51 21.7517
52 17.5897
53 17.7987
54 18.2764
55 19.8677
56 21.5625
57 22.4426
58 22.5939
59 22.6261
60 20.3493
61 17.296
62 16.9088
63 16.3826
64 16.2039
65 16.1227
66 18.1228
67 20.4129
68 22.0361
69 21.7171
70 20.6766
71 21.0918
72 21.7322
73 20.2231
74 14.4339
75 13.5481
76 13.8022
77 13.4532
78 13.0347
79 11.9026
80 9.74326
81 8.07707
82 8.99536
83 9.57188
84 11.6668
85 11.9427
86 12.6198
87 13.1851
88 13.7742
89 15.8269
90 17.7714
91 20.6539
92 18.998
93 22.8121
94 23.2276
95 21.3088
96 20.5968
97 20.5734
98 19.1638
99 27.2803
100 24.6385
101 26.7714
102 32.5895
103 26.4615
104 25.9735
105 25.6025
106 25.1885
107 19.7937
108 18.2457
109 18.0629
110 21.4679
111 23.6694
112 30.6775
113 29.0677
114 28.2441
115 25.5443
116 27.4983
117 29.1559
118 31.9119
119 31.5504
120 32.207
