1 6.00172
2 7.23443
3 7.21129
4 7.5528
5 7.86224
6 8.69401
7 9.71171
8 11.9794
9 12.8292
10 13.3801
11 13.8513
12 16.5421
13 17.4291
14 17.7389
15 17.311
16 17.3713
17 18.2996
18 20.9849
19 22.9737
20 23.5984
21 26.4729
22 26.7639
23 27.5286
24 28.58
25 32.5396
26 29.2334
27 27.1659
28 23.8638
29 24.6809
30 27.4548
31 28.9214
32 33.9911
33 33.7437
34 34.0046
35 42.3093
36 41.7465
37 41.1451
38 37.366
39 30.769
40 35.3434
41 33.6066
42 34.4847
43 28.7188
44 33.6122
45 36.7332
46 32.9867
47 31.896
48 29.9109
49 31.2604
50 35.0884
51 38.8234
52 35.5213
53 36.5884
54 26.8445
55 35.8662
56 35.7058
57 28.3013
58 33.0552
59 27.5079
60 40.1883
61 23.6939
62 30.9725
63 31.9629
64 25.8152
65 28.5797
66 31.0513
67 32.5062
68 29.0953
69 25.8767
70 27.9294
71 31.4009
72 27.4043
73 28.3802
74 28.2955
75 29.5074
76 26.2599
77 28.9453
78 29.0083
79 38.7947
80 36.0925
81 32.2577
82 29.9291
83 36.342
84 30.207
85 27.0668
86 41.4931
87 36.9445
88 32.4351
89 39.2362
90 38.935
91 37.3298
92 24.7671
93 30.342
94 28.2471
95 30.6054
96 36.4385
97 25.3185
98 39.5686
99 32.5578
100 37.2624
101 33.0309
102 35.1067
103 36.6894
104 35.8814
105 39.2759
106 36.8322
107 32.2211
108 36.6273
109 33.3601
110 33.9492
111 40.1584
112 37.0446
113 39.6741
114 34.0665
115 31.9062
116 38.2052
117 35.3047
118 37.8622
119 38.4455
120 49.4301
