1 7.3055
2 7.77932
3 8.74805
4 9.54376
5 11.251
6 10.4596
7 10.6882
8 10.6081
9 11.3813
10 11.2315
11 11.0417
12 11.6271
13 11.2954
14 10.4315
15 10.1473
16 15.8439
17 22.0967
18 22.7094
19 22.5318
20 21.2485
21 20.4495
22 19.4417
23 20.1831
24 18.6132
25 19.4078
26 18.8918
27 16.3825
28 16.2749
29 16.086
30 15.5115
31 15.2425
32 15.0934
33 13.2706
34 11.837
35 12.2972
36 12.2107
37 10.2629
38 12.5865
39 12.8054
40 13.4541
41 14.2532
42 15.4813
43 15.9789
44 15.1126
45 14.5035
46 10.5742
47 8.52262
48 8.99997
49 9.52732
50 8.84774
51 8.28625
52 7.61167
53 6.59446
54 6.07363
55 6.18857
56 6.17911
57 7.27103
58 9.32297
59 10.3991
60 9.74132
61 8.77286
62 8.11299
63 9.8005
64 9.90276
65 9.72694
66 8.92306
67 9.50447
68 9.31029
69 8.83213
70 8.61557
71 10.8473
72 12.8395
73 11.3765
74 9.67628
75 9.46468
76 10.2126
77 10.5696
78 9.02069
79 7.61254
80 8.89337
81 9.79607
82 8.5849
83 8.38519
84 9.18414
85 10.1576
86 10.2369
87 10.419
88 11.7344
89 15.2355
90 16.3385
91 15.3182
92 13.9285
93 13.3659
94 13.5509
95 14.9531
96 16.5919
97 18.3753
98 19.8229
99 19.6584
100 19.8237
101 20.2125
102 20.3085
103 19.7824
104 19.4177
105 23.678
106 25.8231
107 25.3646
108 22.6892
109 22.3339
110 25.1365
111 28.2302
112 32.0316
113 31.8023
114 32.0289
115 28.6426
116 33.577
117 28.4817
118 34.2588
119 34.6997
120 52.3182
