1 41.0452
2 43.8782
3 37.1385
4 35.7011
5 38.1538
6 41.8735
7 41.871
8 43.5012
9 43.4805
10 45.6836
11 39.1849
12 29.8296
13 31.541
14 36.8963
15 40.4326
16 38.5618
17 34.0533
18 35.2703
19 44.3667
20 49.4458
21 52.6431
22 56.0382
23 63.2993
24 69.529
25 72.2363
26 66.9221
27 68.8444
28 62.8176
29 85.0078
30 88.3679
31 125.775
32 79.2676
33 83.3695
34 81.9131
35 75.6699
36 77.272
37 65.5931
38 60.1781
39 84.844
40 64.0607
41 46.7221
42 72.0352
43 73.4354
44 69.7066
45 54.952
46 53.3754
47 45.7275
48 47.6263
49 43.428
50 46.2272
51 45.4036
52 44.4758
53 46.1409
54 48.7304
55 32.1258
56 44.2984
57 47.6239
58 50.2639
59 40.7405
60 45.9616
61 43.5353
62 38.3152
63 43.8081
64 46.1826
65 50.6791
66 47.9023
67 41.4305
68 39.2868
69 44.9546
70 40.8876
71 31.4986
72 37.3057
73 41.6212
74 40.4408
75 42.5243
76 49.8723
77 39.319
78 39.8173
79 44.0245
80 40.2716
81 40.6479
82 41.7401
83 49.5242
84 51.6194
85 39.555
86 42.5455
87 51.7696
88 38.0799
89 33.2838
90 42.5872
91 34.452
92 42.7913
93 43.7209
94 38.9737
95 41.1708
96 40.4545
97 43.8923
98 34.6268
99 36.1804
100 41.4363
101 38.7881
102 41.8679
103 39.8357
104 38.7518
105 39.9092
106 41.3965
107 42.6126
108 43.3324
109 35.277
110 36.0107
111 40.2468
112 41.1728
113 39.8748
114 38.0228
115 35.4554
116 36.268
117 38.1074
118 32.6675
119 36.3385
120 41.017
