1 6.43534
2 7.24256
3 7.91517
4 9.01985
5 9.89414
6 10.5204
7 10.3638
8 10.8705
9 10.9686
10 12.4235
11 11.8003
12 12.3462
13 13.8656
14 14.3213
15 11.5474
16 11.6001
17 12.3163
18 11.0698
19 10.612
20 9.36062
21 9.48519
22 9.59894
23 10.6551
24 10.3132
25 10.0988
26 11.9395
27 13.5244
28 15.0838
29 16.6256
30 14.2059
31 13.75
32 15.7761
33 18.9138
34 25.7478
35 28.8665
36 32.7627
37 38.751
38 48.5571
39 50.6455
40 54.915
41 43.1372
42 50.679
43 42.4592
44 50.117
45 27.707
46 37.7045
47 34.021
48 34.7689
49 37.9522
50 33.2647
51 29.6363
52 31.7325
53 29.926
54 36.4252
55 29.1545
56 32.6126
57 48.4575
58 29.3227
59 33.1616
60 38.8423
61 38.0656
62 44.3338
63 32.4098
64 35.7156
65 38.488
66 37.0596
67 30.624
68 30.2167
69 30.958
70 30.476
71 34.1467
72 29.5725
73 37.4378
74 33.3565
75 35.3153
76 33.738
77 29.9089
78 28.2486
79 29.2593
80 38.0946
81 31.9538
82 34.7678
83 33.216
84 35.2645
85 36.1974
86 34.4242
87 34.5161
88 36.7777
89 39.3478
90 40.9717
91 38.1967
92 38.945
93 38.3552
94 34.9795
95 39.9625
96 38.4019
97 42.3053
98 37.3808
99 29.7962
100 40.5135
101 34.3158
102 35.3592
103 33.6205
104 33.8573
105 36.5215
106 37.915
107 38.3346
108 26.6232
109 27.0609
110 27.9345
111 35.6532
112 35.3535
113 29.2628
114 35.6413
115 33.9688
116 32.3144
117 34.9919
118 34.2325
119 31.2621
120 45.7557
