1 10.9799
2 14.5081
3 14.6379
4 16.3476
5 17.244
6 17.2982
7 15.3911
8 19.9884
9 18.2103
10 14.1609
11 15.8431
12 14.7228
13 16.2966
14 15.6952
15 16.9966
16 17.837
17 18.3823
18 16.4384
19 14.9328
20 14.5747
21 14.7511
22 14.9214
23 14.8878
24 14.5988
25 15.2083
26 16.4539
27 14.7707
28 12.1572
29 12.531
30 12.4619
31 13.4935
32 13.5534
33 15.9328
34 16.641
35 17.5202
36 18.1541
37 17.0968
38 20.2267
39 21.9727
40 23.8548
41 25.443
42 24.196
43 28.3131
44 37.5922
45 45.2038
46 42.4686
47 41.6969
48 41.3017
49 43.6447
50 42.2761
51 42.5646
52 41.799
53 47.1033
54 47.0355
55 34.8071
56 44.9123
57 47.9657
58 52.5046
59 43.2178
60 47.042
61 43.0614
62 37.1023
63 45.0154
64 46.0418
65 52.0102
66 51.51
67 47.3398
68 46.3343
69 55.1558
70 44.9118
71 50.9968
72 49.286
73 50.5266
74 44.5119
75 48.992
76 51.9794
77 50.5379
78 45.7859
79 51.0063
80 48.616
81 53.1195
82 44.8147
83 47.9487
84 51.679
85 49.9743
86 44.1955
87 54.9743
88 42.9971
89 43.3523
90 46.37
91 42.626
92 41.334
93 39.367
94 42.1746
95 41.6026
96 38.6343
97 48.5538
98 36.2
99 38.3567
100 39.3828
101 39.3605
102 39.9978
103 35.6602
104 42.1581
105 35.7813
106 42.08
107 38.4625
108 44.1233
109 32.1712
110 40.2888
111 42.616
112 42.8365
113 40.3085
114 36.7384
115 41.804
116 41.8248
117 39.4625
118 40.0072
119 33.2413
120 69.6958
