1 7.68919
2 9.52203
3 9.98961
4 9.85804
5 9.26504
6 9.12367
7 8.58956
8 8.99695
9 8.15048
10 6.79828
11 6.4528
12 6.99943
13 7.97653
14 8.30676
15 8.62602
16 7.5741
17 8.00264
18 7.93122
19 7.43732
20 7.06666
21 7.49818
22 8.40968
23 8.72205
24 8.4578
25 8.91075
26 11.3207
27 10.6468
28 10.4684
29 11.511
30 14.7148
31 16.3141
32 19.7069
33 16.757
34 16.2197
35 17.5307
36 17.7077
37 17.1033
38 16.8681
39 15.3729
40 14.8313
41 11.7461
42 12.2013
43 13.8392
44 15.1571
45 17.2255
46 18.5659
47 21.0524
48 14.4892
49 15.4002
50 15.1386
51 15.2019
52 15.3983
53 15.5969
54 14.7554
55 14.7879
56 17.1882
57 22.2864
58 21.5943
59 23.9323
60 24.6925
61 25.1047
62 24.0376
63 24.8901
64 24.7611
65 26.0666
66 23.6186
67 23.3715
68 25.7302
69 26.8135
70 34.4686
71 34.137
72 36.0927
73 34.1476
74 30.0354
75 35.7447
76 34.6298
77 37.1729
78 40.176
79 38.2063
80 29.8316
81 47.4115
82 45.1403
83 38.5823
84 33.6801
85 49.2697
86 37.3409
87 43.7693
88 30.5902
89 49.3653
90 43.6056
91 44.7312
92 48.2778
93 38.4852
94 45.4093
95 39.0682
96 37.425
97 43.1282
98 35.0884
99 37.7706
100 34.5785
101 43.4489
102 43.4422
103 38.4701
104 38.4142
105 43.1327
106 35.6505
107 41.1625
108 40.8952
109 40.075
110 40.8344
111 39.4202
112 38.5696
113 39.4351
114 42.9497
115 40.1844
116 37.8994
117 41.2952
118 38.3884
119 39.528
120 54.8561
