1 10.932
2 15.1771
3 14.9618
4 14.518
5 12.1143
6 12.2959
7 12.8876
8 12.7222
9 11.9176
10 10.2474
11 9.46933
12 7.6274
13 8.65437
14 8.42962
15 8.7017
16 9.80445
17 10.6708
18 11.6941
19 12.0804
20 11.7952
21 12.6539
22 13.2482
23 14.7404
24 14.7573
25 14.6552
26 14.4222
27 14.1941
28 12.1342
29 10.7196
30 11.8189
31 12.0863
32 13.065
33 13.9268
34 15.6539
35 16.0646
36 14.6322
37 12.4692
38 12.36
39 10.5445
40 9.89931
41 9.8773
42 9.13738
43 9.01869
44 8.79602
45 8.74537
46 8.75038
47 8.18366
48 8.2847
49 8.47859
50 7.87649
51 8.66852
52 8.22044
53 9.69994
54 10.8777
55 10.5277
56 8.75638
57 8.71411
58 8.62602
59 8.65626
60 10.3523
61 10.723
62 11.5628
63 10.9354
64 9.34633
65 8.5693
66 7.92459
67 7.87718
68 8.0097
69 8.42213
70 8.51436
71 8.77448
72 9.194
73 10.1989
74 9.81256
75 9.72306
76 9.46769
77 8.10296
78 7.67283
79 7.93745
80 8.74349
81 9.15973
82 10.3332
83 10.4448
84 12.397
85 14.6972
86 15.776
87 15.1385
88 16.4106
89 17.6864
90 12.6767
91 12.8816
92 12.4925
93 13.345
94 17.7422
95 21.6034
96 22.5687
97 23.9968
98 24.0644
99 24.0148
100 18.1637
101 19.8499
102 21.5865
103 27.3978
104 28.809
105 26.9858
106 24.4731
107 20.3023
108 19.7538
109 22.1927
110 28.4248
111 21.9326
112 19.0481
113 17.6721
114 18.8729
115 16.1834
116 16.0026
117 24.4087
118 25.9511
119 29.4925
120 29.393
