1 20.4637
2 20.5296
3 20.6882
4 21.202
5 20.6619
6 19.4135
7 21.9502
8 22.3759
9 21.7619
10 21.3427
11 16.3266
12 14.8141
13 13.7437
14 11.7087
15 10.8739
16 10.6618
17 10.6727
18 12.438
19 11.586
20 11.9707
21 12.7716
22 13.4346
23 12.7309
24 11.597
25 11.8771
26 11.3827
27 11.9388
28 13.4884
29 12.7443
30 11.7769
31 10.7758
32 9.81173
33 8.25407
34 9.14911
35 9.11467
36 8.82587
37 9.2212
38 9.75776
39 9.88293
40 8.82089
41 8.19529
42 7.88493
43 8.19759
44 7.61485
45 7.57469
46 12.1196
47 13.5423
48 12.0181
49 12.0027
50 12.4778
51 13.0841
52 13.1623
53 12.8827
54 12.0507
55 11.0093
56 10.6185
57 10.6882
58 10.9332
59 10.9514
60 12.4066
61 13.2523
62 13.591
63 19.9005
64 23.6581
65 24.5088
66 20.5775
67 21.49
68 22.5228
69 21.6613
70 22.7211
71 22.6301
72 20.7115
73 22.7308
74 25.7232
75 27.6715
76 24.9678
77 22.8281
78 24.4582
79 19.7629
80 22.6294
81 26.7239
82 23.4482
83 19.8209
84 31.0212
85 25.7779
86 25.564
87 26.0449
88 27.1262
89 26.6878
90 36.1962
91 29.7073
92 35.1366
93 29.3872
94 25.3718
95 36.1392
96 35.8525
97 25.8636
98 22.7108
99 20.5436
100 27.2734
101 29.8163
102 27.804
103 29.3989
104 41.2874
105 37.5607
106 43.8848
107 41.4403
108 38.5502
109 42.455
110 41.7307
111 41.0128
112 39.9901
113 40.0936
114 39.5188
115 41.4505
116 42.0553
117 38.0375
118 34.3929
119 38.3285
120 74.96
