1 24.6042
2 26.9837
3 28.2555
4 29.7942
5 28.3065
6 27.2057
7 26.0472
8 35.852
9 45.0893
10 49.0206
11 70.7433
12 65.6058
13 59.9845
14 50.1201
15 77.6856
16 68.6673
17 68.6161
18 74.149
19 66.566
20 53.0309
21 42.2296
22 40.5469
23 51.561
24 46.6886
25 50.0076
26 49.053
27 55.1912
28 67.8404
29 82.3888
30 78.6102
31 76.9537
32 76.5638
33 91.7854
34 80.5775
35 87.6149
36 84.0737
37 84.3007
38 83.1992
39 94.553
40 82.1815
41 75.7413
42 78.2845
43 78.2114
44 84.1894
45 82.4833
46 85.9638
47 75.6601
48 70.7704
49 83.2327
50 77.2725
51 79.9016
52 74.5426
53 74.8008
54 80.7331
55 84.5576
56 80.3506
57 69.847
58 57.0149
59 75.0942
60 80.4089
61 76.8276
62 72.9868
63 60.1009
64 62.1394
65 40.6907
66 45.0312
67 39.5543
68 38.9807
69 37.6204
70 47.8554
71 32.8272
72 43.4265
73 35.2711
74 35.3684
75 33.4981
76 33.3321
77 35.1157
78 37.8782
79 38.4767
80 31.625
81 43.9978
82 40.9374
83 39.2806
84 49.0042
85 46.7366
86 40.3262
87 43.1237
88 28.7675
89 38.4079
90 42.3047
91 44.0998
92 41.0993
93 41.6379
94 42.1554
95 35.5574
96 39.8567
97 43.5432
98 38.1402
99 37.5429
100 40.9555
101 36.6149
102 38.0582
103 37.9288
104 36.298
105 35.3467
106 30.3439
107 37.7525
108 37.7997
109 36.5765
110 39.3305
111 39.6376
112 36.8021
113 36.162
114 40.2104
115 35.3863
116 37.1945
117 36.0073
118 35.3194
119 33.1978
120 53.0591
