1 17.7063
2 22.7741
3 22.9833
4 23.7026
5 24.2892
6 23.2532
7 23.0453
8 25.1081
9 24.413
10 22.5692
11 19.4099
12 17.0365
13 14.4161
14 15.43
15 17.5699
16 18.779
17 17.1601
18 19.573
19 20.4854
20 18.6466
21 18.5096
22 28.1
23 29.0899
24 29.5149
25 35.8431
26 34.6479
27 32.3056
28 34.4655
29 32.5742
30 33.2023
31 33.5858
32 33.6978
33 32.3558
34 28.8238
35 25.5356
36 19.5135
37 17.5337
38 17.4173
39 18.3837
40 14.486
41 14.8111
42 14.6962
43 15.376
44 19.3993
45 21.5852
46 22.5582
47 22.6211
48 25.1763
49 24.5091
50 27.7143
51 27.8354
52 33.8633
53 36.3007
54 35.3481
55 34.5603
56 33.3314
57 35.8372
58 36.2264
59 34.2497
60 32.2092
61 30.6895
62 36.4779
63 38.8889
64 37.8238
65 30.7448
66 31.8756
67 33.4051
68 41.3526
69 39.1704
70 33.2952
71 41.7187
72 40.54
73 41.7985
74 35.5761
75 37.4319
76 32.898
77 27.2191
78 28.8739
79 28.2181
80 35.9117
81 35.6855
82 35.0412
83 39.7195
84 30.6672
85 28.1105
86 28.8172
87 24.9135
88 26.7492
89 22.8704
90 26.2807
91 28.5805
92 24.5338
93 28.721
94 36.8885
95 41.3355
96 42.7808
97 38.4042
98 41.212
99 42.5463
100 33.995
101 43.6358
102 37.6987
103 34.9244
104 41.8786
105 35.2774
106 30.0446
107 38.5826
108 39.5756
109 37.6619
110 40.7599
111 33.8162
112 32.2044
113 37.946
114 38.2841
115 38.1059
116 40.47
117 37.3048
118 39.7803
119 42.6019
120 53.7806
