1 9.9176
2 10.3758
3 8.56608
4 9.26779
5 11.5566
6 13.2948
7 16.4753
8 18.5223
9 16.5996
10 21.7337
11 20.0388
12 15.8509
13 15.535
14 15.1855
15 15.1119
16 14.5959
17 23.7121
18 25.584
19 28.4179
20 25.9142
21 27.6835
22 28.0905
23 25.2827
24 24.7007
25 25.0033
26 23.3882
27 21.9998
28 22.0703
29 23.2377
30 23.022
31 17.6396
32 19.8152
33 23.9716
34 22.0432
35 22.7592
36 22.2487
37 20.0294
38 16.6934
39 17.1898
40 21.2966
41 25.122
42 22.0821
43 20.6258
44 22.9067
45 21.7248
46 20.575
47 22.1175
48 22.6985
49 34.2297
50 35.0027
51 35.695
52 41.6496
53 34.5518
54 40.6036
55 37.8127
56 40.882
57 38.5793
58 39.9631
59 33.9503
60 29.5682
61 30.1206
62 33.54
63 32.2116
64 32.7866
65 32.7723
66 32.4845
67 34.2953
68 34.7053
69 31.6648
70 32.9688
71 42.7594
72 45.5507
73 42.8492
74 39.1226
75 36.8784
76 28.349
77 29.7458
78 30.9388
79 33.8116
80 38.5228
81 37.1956
82 37.4152
83 37.8705
84 38.6372
85 40.5181
86 41.214
87 39.02
88 40.7247
89 28.5003
90 32.0039
91 31.7376
92 25.853
93 27.9861
94 37.8089
95 41.5691
96 40.8498
97 39.2063
98 43.4703
99 42.184
100 33.2092
101 40.4995
102 40.3416
103 35.8844
104 40.2565
105 36.8023
106 32.6063
107 40.9939
108 40.2439
109 40.498
110 39.8009
111 38.8854
112 36.0099
113 41.3585
114 36.7488
115 36.0685
116 40.6467
117 38.2336
118 40.8213
119 38.5449
120 45.5103
