1 7.21942
2 7.53269
3 8.80682
4 14.3312
5 14.6436
6 15.2779
7 15.8563
8 17.8198
9 15.7586
10 13.8019
11 14.5767
12 16.8846
13 17.495
14 20.9959
15 21.6067
16 18.6103
17 14.7296
18 14.138
19 14.3734
20 17.102
21 17.1449
22 18.4747
23 24.506
24 26.0273
25 17.124
26 12.5301
27 10.5923
28 7.70992
29 10.7274
30 18.8331
31 24.825
32 27.4569
33 30.0844
34 30.6096
35 30.8867
36 35.6655
37 32.9528
38 25.0272
39 21.2544
40 20.8738
41 16.8345
42 15.3824
43 17.2381
44 20.051
45 22.0124
46 22.0358
47 23.4107
48 24.917
49 29.5135
50 25.1819
51 22.6918
52 22.4738
53 23.9974
54 24.9073
55 25.277
56 28.9235
57 27.6123
58 22.752
59 21.8396
60 20.8484
61 22.2994
62 36.765
63 37.8315
64 42.5276
65 30.9521
66 35.9104
67 40.1093
68 41.0194
69 39.8071
70 33.6249
71 35.2348
72 42.0232
73 42.1564
74 39.5191
75 40.5344
76 39.2474
77 36.2622
78 39.3352
79 39.5095
80 37.3972
81 38.9383
82 37.2031
83 42.9135
84 41.3832
85 39.6363
86 41.1977
87 40.4293
88 31.0385
89 37.3602
90 36.31
91 38.5619
92 36.5938
93 37.0158
94 40.6601
95 36.7452
96 32.8456
97 36.8825
98 34.743
99 39.4501
100 32.3843
101 35.4791
102 36.967
103 36.2566
104 37.3636
105 33.7859
106 30.6947
107 28.854
108 32.9573
109 24.928
110 35.564
111 38.5997
112 35.1209
113 33.6611
114 35.4846
115 32.9302
116 39.2249
117 30.1073
118 35.9995
119 34.8482
120 44.6553
