1 26.0028
2 28.6285
3 28.6239
4 26.7839
5 32.1272
6 38.2049
7 38.7312
8 39.0559
9 40.1312
10 34.0805
11 31.8369
12 38.1413
13 44.3224
14 57.1275
15 58.2474
16 52.707
17 47.5619
18 51.3401
19 59.9206
20 64.9632
21 55.0724
22 73.6882
23 67.762
24 66.5259
25 68.6633
26 64.3453
27 71.9393
28 72.1193
29 70.6587
30 71.8766
31 71.1643
32 64.6354
33 81.0689
34 67.4726
35 67.355
36 59.1589
37 53.6455
38 52.8131
39 56.0946
40 54.6858
41 54.5989
42 48.3609
43 49.315
44 48.3785
45 60.8512
46 40.886
47 43.1154
48 51.2407
49 38.718
50 37.6708
51 40.2923
52 41.2736
53 42.9507
54 38.439
55 38.0747
56 38.3351
57 36.3628
58 33.6808
59 37.3732
60 44.8012
61 36.5478
62 40.7075
63 39.9107
64 43.6027
65 40.0665
66 43.9098
67 46.6158
68 44.7858
69 41.6719
70 43.087
71 44.9099
72 42.7857
73 44.7484
74 42.1509
75 40.851
76 42.3089
77 40.8896
78 43.8005
79 40.6147
80 35.2066
81 29.3581
82 43.8787
83 36.4263
84 37.3344
85 43.5589
86 40.8541
87 37.5229
88 40.3823
89 34.3056
90 36.4116
91 42.3835
92 38.074
93 40.8003
94 33.5149
95 38.2875
96 42.0619
97 41.2469
98 33.556
99 25.9857
100 33.0045
101 31.7171
102 37.7164
103 36.6313
104 36.9099
105 36.4626
106 35.5987
107 34.763
108 37.1163
109 34.5134
110 36.4282
111 36.5134
112 35.2405
113 33.736
114 31.5858
115 34.0708
116 37.5057
117 37.7411
118 34.5342
119 35.5435
120 53.0715
