1 7.63407
2 10.1752
3 8.99228
4 9.95415
5 12.9047
6 21.9064
7 22.6031
8 26.3658
9 25.7902
10 21.616
11 19.9654
12 26.068
13 27.8699
14 30.8655
15 34.4114
16 36.0227
17 38.5225
18 47.8523
19 46.8685
20 47.5454
21 49.2392
22 46.9424
23 47.089
24 41.1531
25 41.5826
26 43.3333
27 41.2461
28 40.6638
29 45.3395
30 48.835
31 49.3493
32 38.1377
33 37.2533
34 39.7341
35 44.3868
36 39.5339
37 36.7036
38 36.9536
39 33.7489
40 36.2653
41 36.1792
42 38.7592
43 42.8736
44 37.2536
45 41.803
46 44.4799
47 34.9136
48 39.0284
49 38.5811
50 36.2851
51 32.6497
52 35.1575
53 43.8582
54 42.8756
55 42.5395
56 36.1638
57 34.1457
58 38.1309
59 34.9865
60 34.6599
61 40.3211
62 34.2654
63 38.7855
64 32.9569
65 27.5123
66 35.7998
67 41.782
68 39.7374
69 40.0703
70 37.273
71 41.5516
72 31.9991
73 33.2638
74 36.7711
75 37.8323
76 39.0871
77 38.4488
78 33.603
79 40.7039
80 39.2733
81 39.8316
82 38.376
83 40.4361
84 41.8922
85 42.882
86 42.0129
87 36.9851
88 40.1876
89 38.2562
90 37.0657
91 32.5522
92 36.8941
93 37.9957
94 36.5805
95 36.1345
96 36.9514
97 36.7307
98 36.5474
99 35.9725
100 32.8412
101 37.9548
102 36.958
103 37.0652
104 29.6855
105 36.761
106 35.9461
107 31.8199
108 39.6531
109 36.0014
110 36.7755
111 34.3449
112 38.156
113 37.4503
114 36.7755
115 37.5103
116 39.3921
117 36.9261
118 38.5836
119 33.5996
120 45.4395
