1 13.8621
2 15.6764
3 15.7166
4 17.3492
5 18.3534
6 18.9648
7 20.435
8 19.1244
9 19.3476
10 19.4126
11 19.8625
12 20.9619
13 22.9348
14 25.9843
15 36.3344
16 42.918
17 41.2143
18 49.5291
19 54.1251
20 46.5027
21 48.7263
22 46.6207
23 47.484
24 42.4618
25 38.575
26 39.8275
27 42.4635
28 37.8612
29 40.735
30 46.1116
31 48.2092
32 41.4327
33 44.1003
34 41.1297
35 42.0661
36 56.155
37 55.6686
38 60.0954
39 61.5027
40 72.2954
41 68.3416
42 70.2357
43 62.2871
44 61.2822
45 66.3128
46 68.7424
47 60.5992
48 59.1255
49 57.5349
50 48.0461
51 45.1119
52 42.8123
53 34.3617
54 40.7847
55 41.6576
56 45.3113
57 35.2295
58 35.6916
59 33.7718
60 35.2316
61 37.1565
62 36.6959
63 39.4335
64 38.689
65 36.0815
66 35.7637
67 38.5518
68 38.7197
69 25.4667
70 32.4113
71 43.3846
72 42.7126
73 42.6168
74 32.3644
75 35.9214
76 28.6981
77 27.7682
78 36.1949
79 33.6783
80 37.8787
81 34.0314
82 39.6755
83 41.1414
84 35.5726
85 37.221
86 43.287
87 40.8119
88 39.0292
89 26.5933
90 33.477
91 31.9515
92 28.424
93 31.6484
94 38.2521
95 42.5713
96 40.8898
97 41.3801
98 41.5942
99 42.3673
100 35.7485
101 37.8147
102 33.6739
103 33.8383
104 34.1199
105 32.9396
106 32.1531
107 36.4453
108 35.38
109 36.828
110 35.6565
111 37.6297
112 34.2894
113 39.2706
114 39.366
115 34.197
116 34.4681
117 35.736
118 38.6073
119 33.8962
120 53.1952
