1 4.26159
2 5.85313
3 6.71994
4 7.07176
5 7.53038
6 8.84644
7 9.45002
8 10.1028
9 13.0637
10 13.3778
11 13.8371
12 15.9627
13 16.2917
14 17.6497
15 18.1496
16 24.7801
17 26.8129
18 33.4115
19 37.1923
20 38.0158
21 37.3157
22 38.0064
23 35.0737
24 31.6782
25 31.2244
26 30.5639
27 33.1138
28 31.6848
29 28.8477
30 26.6261
31 31.2228
32 31.1621
33 33.8477
34 35.0458
35 32.1445
36 27.6978
37 29.0501
38 31.7582
39 32.6419
40 29.5353
41 38.5721
42 35.0445
43 32.9503
44 31.1239
45 29.3597
46 34.9251
47 36.2462
48 31.7929
49 35.8354
50 36.1861
51 34.9862
52 31.2581
53 25.1358
54 29.5546
55 32.1998
56 35.0707
57 26.1449
58 36.4547
59 33.6251
60 35.6749
61 37.8619
62 36.93
63 31.8893
64 33.9564
65 36.1324
66 40.5148
67 33.7828
68 37.1286
69 37.8421
70 39.5288
71 21.2708
72 34.3598
73 45.2866
74 39.3157
75 40.4879
76 35.7708
77 24.1229
78 29.4143
79 35.0629
80 32.3916
81 30.2867
82 35.7271
83 26.8277
84 38.8876
85 30.2849
86 25.7849
87 31.503
88 43.6211
89 35.9868
90 37.5223
91 24.0629
92 34.5778
93 33.4073
94 37.3041
95 35.8771
96 29.4893
97 39.3861
98 34.6368
99 34.3166
100 35.9083
101 24.5947
102 31.2399
103 28.139
104 30.2567
105 40.7246
106 34.9568
107 37.173
108 38.4249
109 39.2391
110 37.615
111 38.5924
112 35.8628
113 28.646
114 35.8574
115 38.8807
116 38.9622
117 38.1592
118 37.0469
119 37.3165
120 72.9994
