1 11.4558
2 12.4975
3 12.4118
4 12.4762
5 13.6314
6 12.9236
7 14.1545
8 15.9786
9 18.7142
10 18.9242
11 20.7084
12 26.7429
13 26.9346
14 27.5953
15 33.3903
16 31.363
17 30.1626
18 29.907
19 36.7849
20 46.4
21 45.0768
22 45.9697
23 41.0634
24 45.5025
25 41.9558
26 43.1001
27 42.7527
28 39.4951
29 36.5168
30 36.0213
31 39.5695
32 40.0058
33 35.5679
34 35.8249
35 29.7628
36 32.879
37 23.9727
38 24.9886
39 27.3642
40 32.4343
41 24.0457
42 20.248
43 26.4236
44 23.4099
45 42.0089
46 51.3175
47 41.9759
48 36.2078
49 48.1649
50 47.8888
51 46.3801
52 44.8071
53 32.9325
54 24.8977
55 22.1315
56 25.1234
57 37.2689
58 35.2076
59 27.0095
60 32.2282
61 32.7977
62 39.6455
63 41.9504
64 41.339
65 36.1351
66 41.3141
67 43.0124
68 33.2203
69 31.4089
70 34.7645
71 35.6299
72 38.9212
73 36.6753
74 40.9186
75 39.3845
76 39.6677
77 41.865
78 32.9993
79 37.2413
80 40.5066
81 40.7897
82 45.9177
83 39.7886
84 44.6666
85 38.5256
86 34.765
87 36.2739
88 41.3817
89 39.9619
90 32.4365
91 38.0477
92 36.5789
93 38.7025
94 38.3445
95 38.8669
96 34.3758
97 33.7308
98 37.7736
99 31.0476
100 29.7942
101 31.6826
102 35.9918
103 36.7796
104 39.6661
105 38.6975
106 32.5613
107 29.6651
108 30.7348
109 38.8533
110 36.4572
111 37.074
112 34.344
113 33.6611
114 34.6908
115 36.5995
116 34.6356
117 35.6065
118 34.2001
119 33.035
120 47.0364
