1 3.39374
2 5.51879
3 6.28269
4 6.76502
5 7.34545
6 6.70063
7 7.32206
8 8.76789
9 9.65707
10 12.6017
11 15.9033
12 13.9842
13 15.456
14 15.3775
15 15.832
16 15.452
17 13.3233
18 12.6779
19 13.8405
20 14.1755
21 13.5941
22 10.1792
23 10.0212
24 9.86235
25 9.38228
26 10.7958
27 10.9222
28 11.0618
29 12.9624
30 14.1455
31 15.0063
32 16.4296
33 18.4982
34 23.1289
35 23.5367
36 25.2567
37 31.8908
38 38.2754
39 43.0906
40 40.7101
41 40.1998
42 44.9098
43 36.1758
44 35.9221
45 33.4668
46 39.0695
47 37.5939
48 29.8975
49 40.8994
50 41.2846
51 36.0388
52 39.6434
53 44.0383
54 37.4085
55 35.8074
56 33.4544
57 28.2459
58 30.6832
59 29.2304
60 35.7557
61 41.405
62 34.6225
63 37.1634
64 29.1751
65 41.5162
66 28.3484
67 30.2552
68 37.1049
69 33.9369
70 37.5205
71 29.4658
72 32.6389
73 34.4029
74 38.1503
75 39.1301
76 37.0709
77 43.554
78 37.8247
79 38.5313
80 33.3516
81 29.0559
82 40.0982
83 33.7518
84 40.4704
85 36.963
86 43.8468
87 44.8384
88 37.5895
89 38.7932
90 37.9573
91 43.9484
92 43.1725
93 42.0376
94 37.9462
95 44.5185
96 41.497
97 40.0284
98 34.1254
99 38.1516
100 36.3724
101 33.9067
102 38.8318
103 31.9725
104 33.2227
105 37.9022
106 41.2313
107 38.15
108 42.6728
109 38.2917
110 38.1842
111 40.7088
112 32.6019
113 36.0396
114 42.3961
115 40.5859
116 43.7361
117 45.3379
118 40.8388
119 40.0245
120 54.1831
