1 5.71711
2 5.83859
3 4.71501
4 4.37919
5 5.27909
6 6.19056
7 6.74012
8 6.91249
9 7.1794
10 8.63557
11 13.4521
12 14.4664
13 14.0106
14 13.7071
15 16.4541
16 16.9055
17 17.5214
18 13.4195
19 10.8182
20 10.9324
21 10.6949
22 11.3597
23 12.7312
24 11.1622
25 11.4144
26 12.4827
27 11.8056
28 12.2011
29 13.7668
30 14.039
31 14.3435
32 12.2589
33 15.5845
34 16.2075
35 16.6817
36 16.2268
37 16.202
38 16.4673
39 17.3042
40 17.6548
41 17.5835
42 17.089
43 15.3788
44 13.2247
45 14.1658
46 14.7294
47 16.0706
48 14.8276
49 13.724
50 13.6111
51 12.7457
52 10.5646
53 10.8315
54 10.3545
55 10.8099
56 11.22
57 12.0792
58 11.3942
59 11.7905
60 12.0835
61 12.0014
62 11.8086
63 11.6337
64 12.1532
65 11.8324
66 11.5169
67 11.4628
68 11.108
69 12.1701
70 13.6261
71 13.7754
72 13.273
73 15.4968
74 17.7474
75 18.5894
76 17.623
77 17.1952
78 17.3484
79 18.8049
80 21.3386
81 22.7402
82 22.9756
83 23.1155
84 21.5589
85 21.3019
86 20.8291
87 20.7088
88 20.9837
89 21.0387
90 21.5924
91 33.9425
92 31.9218
93 35.2798
94 34.9311
95 31.79
96 29.6066
97 32.2259
98 33.9754
99 36.88
100 31.1874
101 35.5746
102 36.0227
103 34.2168
104 31.3946
105 36.2655
106 38.0154
107 33.2137
108 37.5975
109 37.0103
110 33.3264
111 37.206
112 32.0747
113 32.4594
114 29.5571
115 36.4879
116 32.8968
117 40.2066
118 34.0607
119 33.1847
120 47.784
