1 10.6844
2 11.0949
3 8.92453
4 9.70602
5 9.42177
6 12.6577
7 12.0274
8 13.6045
9 14.9973
10 15.9836
11 14.6952
12 12.5889
13 12.8631
14 14.1465
15 13.4497
16 12.6789
17 14.0641
18 16.1365
19 17.0833
20 17.7888
21 16.5599
22 17.099
23 17.076
24 14.9608
25 14.5941
26 13.967
27 13.8707
28 13.3241
29 21.324
30 25.6623
31 25.4927
32 29.385
33 27.5199
34 27.1678
35 28.0788
36 31.7822
37 33.1774
38 32.9976
39 37.016
40 35.6674
41 34.2161
42 34.1706
43 35.0218
44 29.607
45 36.7684
46 35.4819
47 38.9355
48 32.311
49 43.1152
50 46.2462
51 41.5059
52 39.8757
53 40.5515
54 28.2958
55 31.8576
56 31.4174
57 29.9252
58 32.5258
59 27.8692
60 33.1504
61 29.6604
62 33.9557
63 34.2058
64 30.1794
65 29.3072
66 28.8918
67 29.1018
68 34.7959
69 30.7107
70 38.0123
71 29.0881
72 32.405
73 39.0942
74 37.0578
75 34.3644
76 37.7461
77 43.0595
78 39.9639
79 36.9303
80 32.9024
81 26.9293
82 39.9022
83 35.6022
84 39.8711
85 39.1484
86 44.7757
87 39.5811
88 38.2434
89 37.9353
90 42.4111
91 43.8576
92 39.9264
93 40.9571
94 38.3706
95 40.1662
96 38.9555
97 40.7339
98 32.1249
99 36.6459
100 35.9381
101 33.8096
102 36.2416
103 34.9373
104 37.6384
105 36.0442
106 30.427
107 27.8364
108 30.86
109 32.0229
110 35.4967
111 30.9884
112 30.0836
113 27.3332
114 28.556
115 28.1245
116 27.532
117 24.6684
118 23.6207
119 28.3713
120 30.5779
