1 13.5992
2 13.8824
3 13.9363
4 15.8263
5 15.0646
6 14.4339
7 16.9077
8 18.0012
9 19.1281
10 22.4986
11 24.8817
12 27.5478
13 28.2159
14 31.4385
15 34.7113
16 41.2269
17 42.1126
18 45.7972
19 56.5709
20 56.0095
21 61.7961
22 64.3575
23 59.4497
24 65.3468
25 62.6786
26 71.4654
27 63.1405
28 67.5457
29 58.9152
30 58.3974
31 65.8924
32 61.1374
33 62.0232
34 55.4431
35 56.7965
36 53.3038
37 56.0847
38 60.9088
39 50.1322
40 56.7081
41 48.3834
42 46.5272
43 38.2728
44 45.0195
45 40.6621
46 39.6165
47 42.1151
48 44.8983
49 33.8838
50 42.9937
51 45.6414
52 38.5421
53 42.5771
54 44.0238
55 46.8849
56 37.3265
57 41.6948
58 42.5866
59 39.9003
60 46.9674
61 43.6953
62 46.7688
63 57.1081
64 45.9151
65 33.9802
66 36.6025
67 32.3223
68 34.7981
69 34.9211
70 39.5575
71 42.9309
72 39.8031
73 42.8617
74 39.0259
75 37.3656
76 35.7524
77 35.539
78 34.8453
79 27.4908
80 27.6569
81 27.9702
82 27.1644
83 35.3447
84 33.3917
85 39.282
86 35.6899
87 42.2213
88 37.943
89 41.6919
90 40.8462
91 32.9071
92 31.0169
93 34.8796
94 33.3169
95 33.1137
96 39.6037
97 36.6034
98 37.3627
99 35.9017
100 38.1566
101 35.1845
102 34.451
103 30.9502
104 32.9922
105 34.8395
106 32.767
107 31.4042
108 32.8303
109 34.5976
110 31.4973
111 37.0993
112 30.6839
113 31.0729
114 30.8235
115 32.7062
116 33.0337
117 35.221
118 27.6539
119 33.6878
120 51.1536
