1 0.750946
2 0.544931
3 0.544759
4 0.623646
5 0.8738
6 0.544749
7 0.588588
8 0.556477
9 0.567434
10 0.567516
11 0.564068
12 0.65842
13 1.00898
14 0.599988
15 0.578645
16 0.609551
17 0.601414
18 0.715458
19 1.10089
20 1.05527
21 0.624039
22 0.612678
23 0.646693
24 1.05367
25 1.23668
26 1.124
27 1.75867
28 2.75659
29 4.21683
30 3.64154
31 3.39192
32 4.23802
33 3.82644
34 3.90156
35 4.18753
36 3.95877
37 4.7687
38 4.46944
39 4.42481
40 4.37595
41 4.45093
42 5.32573
43 4.93919
44 4.70805
45 5.27596
46 5.61996
47 5.17876
48 5.16146
49 5.20658
50 5.07434
51 5.08455
52 5.16168
53 5.07394
54 5.14691
55 5.92697
56 6.53292
57 6.02911
58 6.35597
59 6.12196
60 6.95403
61 6.40432
62 6.75044
63 6.48299
64 7.7421
65 7.87369
66 7.62882
67 7.42543
68 7.19912
69 7.41474
70 7.79426
71 7.59232
72 7.38552
73 7.86899
74 7.44904
75 7.96942
76 7.68308
77 7.48903
78 7.77569
79 7.95309
80 7.37128
81 7.53392
82 7.96511
83 7.97791
84 7.41139
85 7.56226
86 8.12713
87 7.63661
88 7.66342
89 7.46844
90 8.51639
91 9.20815
92 10.023
93 11.6047
94 14.2051
95 12.3822
96 11.6821
97 11.7862
98 11.6337
99 11.7278
100 10.9483
101 11.7838
102 11.3145
103 11.5082
104 11.9133
105 11.5112
106 12.4499
107 13.2056
108 13.1951
109 12.5695
110 13.6171
111 14.7366
112 15.9975
113 17.5304
114 19.4167
115 18.1495
116 17.114
117 17.311
118 18.8304
119 21.2945
120 21.0665
