1 0.821878
2 0.544797
3 0.53314
4 0.556012
5 0.998801
6 0.578805
7 0.5663
8 0.578864
9 0.669799
10 1.05545
11 0.613294
12 0.566812
13 0.612854
14 0.59017
15 0.612354
16 0.601301
17 0.589382
18 0.601569
19 0.601537
20 0.589526
21 0.601318
22 0.510131
23 0.488292
24 0.47681
25 0.635589
26 0.817114
27 0.510158
28 0.522091
29 0.499558
30 0.488088
31 0.488197
32 0.498939
33 0.476748
34 0.869316
35 1.37359
36 1.85978
37 1.47331
38 1.96178
39 2.63436
40 2.43043
41 2.67911
42 2.52632
43 2.5298
44 3.02045
45 3.22457
46 3.19082
47 3.3129
48 3.21272
49 3.24202
50 3.23481
51 3.31094
52 3.60643
53 3.38378
54 3.81454
55 4.18856
56 3.85947
57 3.9451
58 4.72887
59 4.50473
60 4.22443
61 4.81239
62 4.50313
63 4.42055
64 4.5497
65 4.4251
66 4.46287
67 4.62036
68 5.59823
69 5.80224
70 5.3543
71 5.53825
72 5.42561
73 5.4001
74 5.35244
75 5.42423
76 5.4618
77 5.60485
78 5.66151
79 5.59613
80 5.90594
81 5.74363
82 5.6014
83 6.53892
84 7.97732
85 11.0214
86 16.039
87 18.1743
88 19.3373
89 20.1399
90 20.6635
91 15.9988
92 15.2607
93 16.877
94 21.1545
95 20.6154
96 21.6337
97 21.1416
98 21.4986
99 24.2686
100 23.0662
101 24.451
102 23.7342
103 24.1584
104 26.1119
105 26.362
106 31.885
107 32.2766
108 32.7059
109 32.2204
110 32.478
111 35.8947
112 34.2724
113 34.9447
114 33.4623
115 32.4276
116 31.4158
117 32.916
118 37.0732
119 37.1191
120 35.9876
