1 0.754854
2 0.567344
3 0.545088
4 0.533368
5 0.53294
6 0.556128
7 0.533414
8 0.545027
9 0.544427
10 0.533273
11 0.681221
12 1.00999
13 0.567657
14 0.590452
15 0.533317
16 0.5787
17 0.578617
18 0.565564
19 0.590168
20 0.555895
21 0.56705
22 0.567136
23 0.567265
24 0.57856
25 1.05523
26 0.601914
27 0.6005
28 0.601528
29 0.851587
30 0.805972
31 0.669156
32 0.6241
33 0.612868
34 0.499167
35 0.488285
36 0.48815
37 0.476592
38 0.930958
39 0.567328
40 0.521771
41 0.499283
42 0.499
43 0.840174
44 1.21404
45 1.01034
46 1.30485
47 1.04381
48 1.09004
49 1.06715
50 1.64599
51 1.65809
52 1.66529
53 2.56329
54 2.75648
55 2.49724
56 2.12258
57 2.43711
58 2.63191
59 3.61077
60 3.43892
61 3.25724
62 3.33241
63 3.60903
64 3.28044
65 3.38443
66 3.68815
67 3.85645
68 3.74647
69 4.89242
70 4.31142
71 4.25753
72 4.29589
73 4.94902
74 4.80079
75 4.83485
76 6.04682
77 8.84606
78 15.5756
79 26.0882
80 35.2055
81 32.5663
82 30.1469
83 30.8452
84 30.6338
85 33.3539
86 36.4272
87 36.05
88 36.1643
89 37.2064
90 35.2707
91 35.7962
92 38.7753
93 36.4837
94 38.3903
95 39.4792
96 39.9177
97 40.1267
98 38.4589
99 41.0559
100 41.2709
101 42.7969
102 40.0854
103 41.2697
104 44.2583
105 45.3278
106 45.0829
107 44.8025
108 45.5083
109 46.5215
110 47.5821
111 48.8988
112 49.5275
113 45.9115
114 46.481
115 46.9316
116 46.4787
117 45.2052
118 46.4198
119 45.4229
120 43.6177
