1 0.924268
2 0.703503
3 0.713165
4 0.848489
5 1.4522
6 1.43017
7 1.2934
8 1.21403
9 1.20293
10 1.6462
11 1.48608
12 1.30321
13 1.28324
14 1.39631
15 1.45298
16 1.32727
17 1.36076
18 1.57842
19 1.441
20 2.07716
21 3.1759
22 2.62043
23 3.00603
24 4.19995
25 6.68365
26 5.9499
27 5.42431
28 5.50547
29 6.33956
30 7.01346
31 6.32374
32 6.30991
33 6.34485
34 6.17804
35 6.80108
36 7.43363
37 7.19005
38 7.42563
39 7.11241
40 7.27584
41 8.33195
42 9.46379
43 13.6588
44 20.9874
45 23.9769
46 22.0024
47 22.3881
48 21.971
49 25.0449
50 24.1497
51 23.4089
52 24.326
53 24.0209
54 24.5265
55 23.1563
56 25.3994
57 29.1563
58 34.0074
59 32.0223
60 32.3115
61 31.9829
62 32.0516
63 34.2247
64 34.4671
65 33.6972
66 28.4844
67 28.5804
68 28.7207
69 28.9641
70 29.4994
71 30.4693
72 30.9819
73 34.8556
74 35.2321
75 36.3377
76 34.9853
77 35.5769
78 34.7206
79 38.3335
80 36.538
81 37.6444
82 41.0029
83 41.0012
84 41.1441
85 40.25
86 36.3173
87 36.6308
88 36.1209
89 35.752
90 36.3939
91 36.953
92 34.0245
93 34.289
94 33.6019
95 33.5158
96 36.8533
97 44.5879
98 44.8096
99 48.1463
100 45.7134
101 46.7786
102 45.1805
103 50.264
104 61.6551
105 63.4629
106 67.2062
107 66.8156
108 69.4854
109 68.5282
110 66.7803
111 73.9367
112 80.8165
113 87.7306
114 87.0927
115 89.878
116 88.853
117 85.6885
118 86.135
119 85.3333
120 80.7535
