1 17.1281
2 15.6752
3 16.0072
4 16.0298
5 15.8362
6 16.9723
7 15.9531
8 18.6177
9 24.1553
10 29.4066
11 37.0796
12 34.5271
13 35.5314
14 41.19
15 42.2321
16 46.3645
17 45.5041
18 57.2964
19 51.1134
20 49.3878
21 50.8306
22 49.6842
23 50.1302
24 52.1063
25 41.7843
26 48.1259
27 52.9407
28 43.3163
29 42.1279
30 42.2428
31 39.8145
32 44.4315
33 40.3618
34 40.0526
35 40.1524
36 38.974
37 39.889
38 37.2923
39 35.2817
40 37.7167
41 34.0189
42 29.4517
43 27.8869
44 29.4326
45 28.2485
46 26.2411
47 27.3346
48 28.7766
49 27.7416
50 29.3949
51 26.6467
52 28.0462
53 28.7549
54 27.6458
55 30.513
56 23.6872
57 22.1885
58 27.4821
59 26.3022
60 27.9074
61 27.3889
62 25.3847
63 25.5276
64 26.9732
65 25.0632
66 23.371
67 26.5053
68 25.5036
69 26.5021
70 24.5025
71 26.7681
72 26.1933
73 23.5204
74 21.1927
75 25.1032
76 22.6723
77 23.3242
78 25.4824
79 25.2559
80 23.0275
81 25.2148
82 22.5849
83 27.1222
84 25.26
85 25.3532
86 24.416
87 22.558
88 22.4559
89 24.8836
90 21.1228
91 21.5364
92 20.674
93 20.4403
94 20.0822
95 21.5274
96 25.2907
97 23.0879
98 24.2473
99 24.9993
100 22.4228
101 23.5495
102 19.3069
103 21.6201
104 22.0287
105 23.0332
106 25.4621
107 20.8671
108 22.4188
109 23.8326
110 20.268
111 23.1319
112 20.4281
113 20.8664
114 22.8565
115 21.4792
116 19.1106
117 20.8008
118 22.04
119 21.7695
120 39.7174
