1 2.1708
2 3.09844
3 3.46748
4 3.11489
5 4.4597
6 5.93903
7 7.28672
8 7.60038
9 9.54039
10 12.1808
11 12.1002
12 11.4289
13 12.4749
14 12.1561
15 12.2743
16 11.7616
17 11.8356
18 11.0404
19 9.62281
20 10.7877
21 11.6271
22 14.9237
23 16.998
24 17.1493
25 18.8666
26 21.5054
27 18.9899
28 23.4309
29 32.2109
30 38.0132
31 37.4176
32 33.8696
33 32.011
34 34.8657
35 33.7721
36 31.4672
37 28.9106
38 30.3233
39 27.004
40 29.1775
41 30.157
42 30.8552
43 33.7804
44 33.5978
45 34.6688
46 33.1815
47 32.6709
48 31.3535
49 35.177
50 35.9398
51 30.5394
52 35.3399
53 34.0991
54 28.7642
55 30.6341
56 32.425
57 27.2546
58 24.4219
59 26.113
60 28.1245
61 24.4066
62 27.4466
63 27.1037
64 25.7497
65 22.8702
66 24.8289
67 24.459
68 24.1561
69 25.5461
70 23.1402
71 20.5255
72 24.0368
73 19.1214
74 25.6851
75 24.2291
76 24.8315
77 24.7345
78 26.0081
79 22.3333
80 25.7364
81 21.7942
82 21.35
83 21.3943
84 25.6661
85 22.8938
86 23.787
87 23.3722
88 22.5554
89 20.6824
90 20.1926
91 19.326
92 19.1573
93 18.5796
94 18.9002
95 22.7913
96 21.8743
97 21.6327
98 19.459
99 22.3055
100 23.4106
101 20.5766
102 23.232
103 22.4245
104 22.0752
105 20.0723
106 19.4481
107 18.1618
108 20.5503
109 21.162
110 20.556
111 21.3245
112 18.2885
113 18.2133
114 20.8018
115 20.6489
116 21.4975
117 19.419
118 21.8609
119 24.1279
120 25.8946
