1 5.35441
2 6.37919
3 6.09418
4 5.94694
5 6.11321
6 6.40298
7 6.18909
8 6.33023
9 7.52745
10 8.10484
11 8.33988
12 7.95327
13 8.22987
14 8.46719
15 8.48218
16 7.9998
17 7.50516
18 7.58035
19 7.69855
20 7.48135
21 7.55216
22 7.82366
23 9.17794
24 9.24819
25 10.1237
26 11.4058
27 11.4929
28 11.3573
29 11.4241
30 11.8684
31 12.6193
32 12.0964
33 12.2029
34 12.8203
35 12.8171
36 11.3225
37 10.727
38 10.9854
39 10.8916
40 11.0549
41 12.0057
42 12.1544
43 12.7774
44 12.7168
45 13.0998
46 16.6539
47 19.5881
48 26.6376
49 24.0304
50 22.8961
51 23.1826
52 23.5299
53 22.1367
54 24.2535
55 32.8046
56 33.1195
57 33.3419
58 31.8429
59 30.402
60 34.9574
61 30.5667
62 28.1034
63 27.9739
64 30.4218
65 28.7232
66 31.8155
67 29.0642
68 26.645
69 28.2378
70 29.0111
71 29.2793
72 28.3954
73 33.49
74 28.5743
75 28.8748
76 30.3679
77 29.967
78 27.2494
79 27.5663
80 24.0201
81 26.4011
82 23.1114
83 26.3062
84 26.4168
85 23.2681
86 20.2292
87 21.7542
88 22.6376
89 21.9801
90 21.5532
91 24.6906
92 25.7947
93 22.7708
94 18.7419
95 18.9367
96 15.6409
97 16.4674
98 21.8743
99 21.2993
100 20.3337
101 18.5514
102 19.3249
103 23.8177
104 22.8384
105 22.0633
106 22.3333
107 22.2898
108 23.4219
109 20.5091
110 20.6469
111 22.9118
112 23.3818
113 23.112
114 23.4807
115 24.4273
116 22.992
117 19.9825
118 21.1385
119 21.2533
120 28.1091
