1 5.86661
2 7.5579
3 8.47854
4 8.75714
5 9.41573
6 10.0171
7 10.4489
8 16.9488
9 17.1206
10 18.1399
11 15.694
12 14.1291
13 14.039
14 13.741
15 13.8128
16 15.0799
17 14.9223
18 14.8477
19 13.3738
20 12.7107
21 12.4607
22 13.1456
23 12.9994
24 12.6513
25 13.2712
26 12.2223
27 12.6505
28 17.9389
29 22.7694
30 23.2946
31 18.844
32 18.4366
33 18.6811
34 19.4043
35 21.8081
36 24.4937
37 24.1783
38 26.5634
39 26.0614
40 26.7175
41 27.302
42 26.9619
43 27.0853
44 28.9822
45 28.3803
46 26.3763
47 27.0313
48 25.6165
49 24.9274
50 21.419
51 21.0858
52 21.449
53 27.598
54 22.6151
55 25.5491
56 23.5782
57 25.7275
58 22.6947
59 26.1875
60 22.1891
61 25.2483
62 27.1662
63 26.3614
64 22.0258
65 22.0428
66 21.9419
67 21.4395
68 20.0838
69 24.9416
70 22.5535
71 21.9492
72 22.5849
73 21.4278
74 18.4982
75 21.3663
76 22.9414
77 24.0883
78 26.8675
79 26.9703
80 27.6831
81 25.8043
82 25.6212
83 23.7945
84 25.1215
85 24.4831
86 22.9943
87 25.508
88 25.1118
89 24.7391
90 23.1018
91 22.8398
92 26.5898
93 23.1755
94 23.689
95 22.7606
96 24.1279
97 23.4415
98 24.1729
99 21.7187
100 17.9058
101 22.032
102 22.3737
103 21.8749
104 20.9262
105 21.5814
106 22.7266
107 19.7285
108 21.2162
109 23.2777
110 20.9556
111 21.3011
112 23.2809
113 24.4382
114 21.8366
115 23.702
116 23.6436
117 21.6235
118 23.0334
119 22.0094
120 35.41
