1 6.96422
2 10.2429
3 11.7329
4 11.7343
5 11.3943
6 11.969
7 11.8676
8 12.3018
9 12.0492
10 12.0472
11 12.5651
12 12.6487
13 10.8238
14 10.4948
15 10.3722
16 10.2263
17 8.98627
18 9.45266
19 9.16988
20 9.79309
21 10.2647
22 10.1307
23 10.1588
24 10.2
25 9.94285
26 9.70464
27 9.80049
28 10.0132
29 10.9438
30 11.3114
31 13.5337
32 12.7342
33 12.464
34 10.0997
35 10.3079
36 11.2964
37 13.2558
38 15.4203
39 19.3026
40 19.5424
41 20.1064
42 19.7177
43 20.0686
44 19.3539
45 21.272
46 20.8886
47 20.106
48 20.2586
49 19.6867
50 23.5057
51 17.4013
52 15.4815
53 17.9459
54 14.3679
55 13.2161
56 13.7863
57 13.7337
58 15.7799
59 16.4114
60 17.6074
61 17.1036
62 17.7447
63 18.3547
64 19.7319
65 19.1039
66 20.0208
67 18.9656
68 19.2535
69 18.7079
70 20.5582
71 18.1707
72 17.6756
73 19.0793
74 20.496
75 19.9593
76 21.2514
77 29.4714
78 25.9062
79 25.1117
80 26.2746
81 25.9978
82 25.9304
83 23.935
84 25.2123
85 25.0973
86 23.2334
87 18.6828
88 20.4756
89 22.9756
90 21.4955
91 24.1353
92 21.8811
93 22.6301
94 20.1621
95 19.797
96 17.5751
97 20.164
98 20.003
99 21.9514
100 21.7887
101 19.6581
102 19.0957
103 22.2741
104 21.4598
105 22.6234
106 23.292
107 20.4
108 20.0481
109 20.4031
110 21.8378
111 23.107
112 21.9219
113 22.7822
114 19.5862
115 23.9411
116 22.4515
117 21.4536
118 20.8791
119 21.2908
120 66.9356
