1 3.11744
2 4.27835
3 5.45001
4 5.4317
5 5.83506
6 6.08977
7 9.01773
8 11.1142
9 11.17
10 14.9784
11 15.9311
12 16.1511
13 20.0092
14 19.3222
15 23.9452
16 23.9878
17 23.5354
18 26.0405
19 30.6058
20 32.9584
21 31.2587
22 21.5005
23 22.0646
24 22.6594
25 23.01
26 25.1452
27 27.6845
28 29.4724
29 29.1181
30 26.5363
31 23.4733
32 25.9595
33 25.0152
34 27.2193
35 24.6403
36 28.3148
37 30.8626
38 32.5646
39 35.1537
40 37.9481
41 37.835
42 37.4574
43 35.8645
44 37.8029
45 38.0525
46 31.3089
47 38.492
48 36.8971
49 32.6247
50 28.3083
51 35.6506
52 32.6975
53 30.0751
54 30.1823
55 29.6021
56 27.5004
57 28.7619
58 26.6372
59 29.7749
60 26.7114
61 28.5583
62 23.8983
63 22.7314
64 21.9079
65 19.6999
66 24.1571
67 24.7365
68 22.636
69 27.1699
70 25.0294
71 24.255
72 29.3155
73 30.2119
74 28.395
75 24.7637
76 27.3283
77 27.7911
78 26.8817
79 27.5852
80 28.9549
81 25.4303
82 27.3372
83 23.808
84 20.9053
85 24.242
86 27.0098
87 28.7986
88 26.3379
89 26.5179
90 29.1141
91 24.1011
92 24.5846
93 24.9555
94 25.2493
95 27.1355
96 23.049
97 24.7552
98 22.423
99 22.5837
100 19.8617
101 19.1152
102 21.1615
103 22.0749
104 20.131
105 20.4569
106 23.3062
107 22.3063
108 21.4849
109 21.6159
110 18.8395
111 22.2923
112 18.658
113 19.5756
114 20.8922
115 21.6641
116 20.9057
117 20.2172
118 22.4436
119 19.9326
120 38.3519
