1 3.97426
2 5.15522
3 5.10847
4 4.86746
5 6.25229
6 6.93466
7 9.7683
8 10.6435
9 12.4361
10 14.9996
11 15.1121
12 14.7223
13 14.1336
14 13.7881
15 13.1298
16 16.7537
17 17.1229
18 18.9668
19 18.4987
20 16.8946
21 16.9504
22 14.4339
23 14.3261
24 14.495
25 12.1969
26 11.231
27 10.7947
28 11.2789
29 11.0396
30 10.0439
31 10.1033
32 10.0586
33 9.61335
34 9.19082
35 8.39178
36 8.77728
37 9.32596
38 8.50501
39 8.6718
40 8.59696
41 8.16768
42 8.74361
43 8.40938
44 8.36561
45 8.66537
46 8.71516
47 8.47758
48 8.09278
49 8.61971
50 9.49313
51 9.35534
52 7.9266
53 11.9068
54 11.6184
55 14.1316
56 15.5275
57 14.9516
58 14.552
59 14.6802
60 15.3718
61 15.8852
62 13.5449
63 16.5427
64 14.9867
65 15.0248
66 15.2416
67 16.2401
68 19.1677
69 17.4865
70 16.8807
71 13.3642
72 13.0614
73 14.5756
74 16.0912
75 15.6198
76 15.1349
77 14.2207
78 14.9662
79 18.2983
80 18.1014
81 18.7815
82 18.7615
83 18.7379
84 19.1707
85 16.7072
86 15.2248
87 15.1067
88 14.7972
89 14.8054
90 14.6971
91 16.0454
92 18.4274
93 16.3791
94 15.8943
95 17.3982
96 21.9627
97 22.754
98 22.5522
99 25.4481
100 23.4874
101 19.5791
102 20.2633
103 26.6509
104 20.0067
105 20.9894
106 21.4283
107 21.3028
108 22.7984
109 21.7264
110 19.6403
111 24.4961
112 22.4115
113 22.8143
114 23.5352
115 21.0584
116 21.1809
117 20.6549
118 22.8067
119 20.8482
120 38.6171
