1 8.24571
2 10.9655
3 11.106
4 11.4638
5 11.5754
6 13.2356
7 13.1313
8 12.8285
9 14.7045
10 20.0221
11 20.0199
12 19.5824
13 21.9088
14 30.1962
15 29.4347
16 30.6911
17 26.2755
18 26.3247
19 27.1087
20 29.6174
21 31.9398
22 37.5853
23 47.1192
24 39.0641
25 39.1929
26 36.9252
27 37.3658
28 32.485
29 34.3982
30 33.8478
31 45.8259
32 35.9575
33 35.3596
34 36.2627
35 42.5786
36 34.6657
37 42.0358
38 34.8844
39 40.6191
40 40.0783
41 36.4696
42 39.8465
43 39.6652
44 43.4111
45 42.2697
46 37.3443
47 40.3459
48 44.9507
49 36.7672
50 32.2411
51 38.0819
52 36.769
53 34.8226
54 35.5391
55 34.8007
56 29.4411
57 32.623
58 27.2022
59 24.2371
60 32.2721
61 24.2019
62 25.3025
63 21.0114
64 22.1392
65 25.7871
66 21.7666
67 22.7374
68 20.9571
69 26.4788
70 23.1097
71 24.7977
72 26.3859
73 24.8975
74 28.2923
75 24.687
76 28.1946
77 29.3254
78 26.2315
79 28.7283
80 27.782
81 27.6997
82 28.1011
83 27.8834
84 24.8221
85 25.937
86 29.6489
87 27.8596
88 26.4282
89 28.51
90 28.7405
91 27.3012
92 23.7322
93 23.0418
94 21.3066
95 26.5277
96 22.3143
97 23.0266
98 19.5473
99 22.8378
100 22.7777
101 23.3688
102 21.0297
103 20.8568
104 19.2558
105 19.8676
106 20.8601
107 21.6051
108 22.1073
109 17.7812
110 20.2304
111 17.4527
112 21.6321
113 21.8462
114 21.5906
115 22.1965
116 20.9283
117 19.8258
118 21.037
119 20.2186
120 35.1192
