1 6.18042
2 7.98977
3 8.00672
4 9.38971
5 9.6837
6 9.75816
7 9.25669
8 9.58046
9 9.52886
10 9.91168
11 9.3134
12 8.82204
13 8.99371
14 8.22415
15 8.33869
16 8.46696
17 8.4092
18 9.3628
19 9.42621
20 9.66862
21 9.36368
22 9.73313
23 9.76079
24 9.68223
25 9.89687
26 10.6749
27 11.2709
28 11.2501
29 12.3234
30 11.5145
31 17.4271
32 19.5666
33 20.1775
34 19.7105
35 18.8851
36 18.792
37 21.2224
38 28.0467
39 29.8419
40 29.597
41 39.1349
42 37.8376
43 37.7954
44 41.9773
45 42.9516
46 39.3293
47 33.034
48 31.4662
49 33.6997
50 38.3843
51 45.8229
52 52.7333
53 50.2783
54 50.9078
55 45.4425
56 47.6808
57 47.3783
58 44.771
59 39.3175
60 44.3372
61 60.6869
62 69.9255
63 55.2215
64 65.3609
65 68.5546
66 65.871
67 71.3444
68 66.0538
69 44.2939
70 43.102
71 49.2896
72 54.1156
73 42.268
74 43.1638
75 51.1464
76 52.808
77 57.3334
78 53.8562
79 48.7069
80 54.0976
81 43.3519
82 38.8735
83 35.4016
84 35.4635
85 42.1753
86 30.7717
87 30.8706
88 30.1833
89 28.9646
90 27.4116
91 33.0828
92 28.708
93 22.4066
94 32.783
95 33.5476
96 31.4597
97 34.4825
98 29.7872
99 37.6052
100 28.6512
101 30.4653
102 39.6974
103 38.0763
104 23.8155
105 27.4743
106 27.6754
107 39.8402
108 43.7367
109 43.3096
110 45.3177
111 42.0889
112 42.674
113 44.2552
114 39.8984
115 42.8099
116 40.7172
117 39.9889
118 38.3739
119 38.341
120 85.8216
