1 7.51079
2 7.48315
3 7.89911
4 8.00947
5 7.38942
6 8.36779
7 8.91647
8 8.50575
9 8.80981
10 8.57683
11 8.90855
12 8.76213
13 9.17831
14 10.1849
15 10.5263
16 10.4481
17 8.70556
18 7.96367
19 7.96351
20 8.22012
21 8.11666
22 9.56967
23 9.38958
24 8.92885
25 8.99143
26 9.55276
27 11.2018
28 12.1954
29 11.5583
30 9.65283
31 9.61472
32 10.2117
33 9.17772
34 8.10815
35 8.31332
36 8.76422
37 8.79057
38 8.6997
39 9.99866
40 9.85533
41 9.58514
42 9.91004
43 10.1264
44 10.4561
45 12.4342
46 12.2541
47 10.9117
48 9.83026
49 10.1486
50 9.40594
51 9.19406
52 8.3151
53 8.46844
54 10.7738
55 12.4617
56 11.7541
57 11.911
58 11.3652
59 10.9268
60 11.1538
61 10.5542
62 11.7696
63 11.557
64 16.1149
65 16.7946
66 16.9423
67 22.3991
68 20.522
69 20.2308
70 27.0341
71 28.9902
72 30.6036
73 30.2266
74 27.3448
75 26.821
76 27.5619
77 26.8422
78 30.7223
79 31.4741
80 33.8963
81 35.7126
82 31.6591
83 33.5513
84 29.5424
85 36.9808
86 30.9661
87 28.4463
88 33.1966
89 34.7929
90 25.8834
91 32.3099
92 33.2664
93 23.2908
94 26.411
95 33.7083
96 32.0053
97 34.4638
98 30.6448
99 38.249
100 28.1549
101 28.4928
102 39.9178
103 35.8536
104 23.6006
105 27.4704
106 29.7404
107 38.3138
108 43.7109
109 44.328
110 44.8332
111 41.2705
112 47.6821
113 42.4088
114 37.3729
115 42.7554
116 43.3794
117 37.789
118 34.38
119 31.1781
120 72.1382
