1 11.4118
2 10.3006
3 10.0018
4 9.50298
5 7.6451
6 8.09609
7 8.36101
8 8.63902
9 8.45237
10 8.10958
11 7.55045
12 7.55763
13 7.89753
14 8.685
15 9.215
16 9.84866
17 8.9911
18 9.00087
19 9.81151
20 9.50743
21 7.33737
22 6.60507
23 5.56514
24 8.05722
25 9.96307
26 10.0178
27 11.0075
28 11.0805
29 11.7882
30 11.9156
31 11.5844
32 11.9955
33 13.5437
34 12.8594
35 13.8044
36 13.2982
37 14.3939
38 12.5373
39 13.9395
40 14.3805
41 15.3748
42 16.2704
43 16.0699
44 15.4478
45 14.9762
46 13.724
47 10.7667
48 8.99871
49 8.82728
50 8.66184
51 8.40005
52 8.21207
53 9.14437
54 9.30195
55 8.54881
56 7.8549
57 8.8403
58 9.26031
59 9.3385
60 9.19015
61 8.11617
62 8.3975
63 7.21699
64 8.74971
65 10.2125
66 8.59935
67 8.37987
68 9.07502
69 9.49109
70 9.15781
71 9.03053
72 8.59588
73 6.96502
74 8.2377
75 8.11992
76 8.30951
77 8.14061
78 8.162
79 10.8551
80 10.8454
81 11.2352
82 11.9791
83 12.2399
84 11.9157
85 11.9542
86 11.8214
87 12.862
88 13.0955
89 11.9496
90 9.86684
91 10.2038
92 12.7179
93 12.5311
94 11.5864
95 17.8463
96 18.9478
97 20.3903
98 20.1451
99 18.4722
100 18.2126
101 17.96
102 17.7904
103 13.6021
104 16.7093
105 18.6456
106 20.9037
107 22.827
108 24.1873
109 19.8737
110 19.4371
111 20.7366
112 20.3904
113 20.5293
114 23.2876
115 20.8539
116 22.9599
117 24.098
118 24.9771
119 22.8069
120 30.1582
