1 5.14902
2 7.77534
3 8.5526
4 8.5578
5 8.64365
6 9.56977
7 10.7367
8 10.748
9 11.841
10 13.2792
11 13.1111
12 13.4418
13 11.7761
14 10.6565
15 8.96927
16 8.84696
17 9.26181
18 9.9765
19 11.535
20 12.3581
21 14.2119
22 13.6283
23 13.1266
24 12.7481
25 11.8198
26 12.6497
27 12.3889
28 12.255
29 12.9744
30 12.6036
31 12.3118
32 12.8201
33 12.797
34 8.92468
35 8.73639
36 9.44882
37 10.1457
38 10.2645
39 11.4996
40 11.9594
41 11.1501
42 12.8062
43 14.5196
44 18.9731
45 19.8286
46 19.6493
47 18.9814
48 19.0927
49 18.5754
50 17.3395
51 18.6205
52 17.2846
53 15.2897
54 11.5407
55 12.9003
56 12.7317
57 12.4963
58 13.0619
59 13.6489
60 21.5437
61 20.1237
62 17.4189
63 17.1849
64 18.6556
65 20.288
66 19.5247
67 19.814
68 25.7089
69 25.6463
70 26.2937
71 26.0393
72 29.0722
73 30.7021
74 29.605
75 32.3202
76 33.181
77 31.6505
78 32.2841
79 32.5898
80 32.5856
81 28.8233
82 26.7793
83 24.9803
84 25.4618
85 35.9239
86 59.7878
87 62.4325
88 59.9664
89 52.752
90 51.1095
91 59.6342
92 66.6407
93 57.947
94 52.3385
95 55.2071
96 57.8142
97 61.4125
98 56.3501
99 53.4487
100 53.0683
101 55.3129
102 51.2727
103 51.5558
104 53.0519
105 59.3097
106 58.3916
107 64.791
108 59.2231
109 42.8221
110 37.5732
111 52.294
112 50.2112
113 32.8365
114 33.5942
115 29.6532
116 28.218
117 32.5947
118 32.5988
119 23.5412
120 45.4355
