1 4.69774
2 5.2448
3 5.38593
4 5.68589
5 7.52486
6 9.21223
7 9.88527
8 9.68891
9 10.2628
10 13.1374
11 12.7059
12 14.1748
13 15.4741
14 16.502
15 17.1943
16 17.2124
17 18.3021
18 17.9253
19 18.2762
20 20.2469
21 21.7984
22 27.4249
23 25.8497
24 24.887
25 22.8238
26 20.4919
27 22.8569
28 21.0337
29 20.7844
30 20.8564
31 20.4263
32 20.7389
33 24.2061
34 23.4586
35 23.0865
36 26.5069
37 28.1295
38 25.1379
39 29.7841
40 28.5864
41 27.5527
42 31.2271
43 31.1312
44 36.732
45 35.6928
46 44.8574
47 50.9568
48 47.7992
49 48.3826
50 47.0869
51 47.5697
52 46.797
53 70.7485
54 61.3352
55 70.375
56 76.6951
57 62.5733
58 71.2167
59 60.2411
60 64.7155
61 61.9516
62 64.2058
63 62.1687
64 51.423
65 64.8627
66 62.6322
67 60.4648
68 50.8648
69 42.5739
70 42.2588
71 40.7481
72 41.6175
73 42.0948
74 41.6666
75 55.3601
76 33.1711
77 35.8698
78 30.9521
79 32.2976
80 32.3016
81 34.1905
82 32.6506
83 34.1347
84 33.136
85 32.4801
86 36.5253
87 26.3682
88 29.3429
89 37.3116
90 36.282
91 32.5588
92 26.472
93 30.1398
94 27.259
95 27.2338
96 28.7917
97 31.1321
98 31.7332
99 29.6545
100 32.3355
101 38.3259
102 32.8471
103 34.1122
104 35.7553
105 35.3276
106 35.5648
107 34.2883
108 32.7215
109 32.9389
110 38.2255
111 35.8075
112 44.3433
113 39.9533
114 37.8285
115 35.8972
116 32.5291
117 35.2714
118 36.4157
119 46.2871
120 64.4323
