1 7.84235
2 10.7751
3 11.0966
4 14.4392
5 14.0452
6 14.4687
7 14.9435
8 13.5687
9 13.845
10 13.6509
11 11.3416
12 11.3947
13 13.846
14 13.5085
15 14.2662
16 13.3155
17 13.7982
18 12.8524
19 12.3553
20 12.8482
21 12.6667
22 17.8012
23 17.1293
24 15.5971
25 16.2569
26 19.1595
27 19.7693
28 20.0836
29 18.2534
30 15.672
31 17.6346
32 24.379
33 25.6973
34 26.5928
35 26.9072
36 26.3462
37 24.8198
38 23.3938
39 22.5698
40 22.5908
41 21.8467
42 17.5994
43 14.5772
44 13.7519
45 20.5518
46 26.2038
47 23.7654
48 22.7646
49 24.002
50 22.8961
51 22.327
52 23.5572
53 26.0352
54 24.838
55 23.3105
56 28.4508
57 26.3337
58 33.6298
59 27.7457
60 29.5093
61 33.745
62 32.6076
63 36.9024
64 41.0817
65 32.0618
66 33.31
67 38.6013
68 35.9846
69 36.8018
70 40.1393
71 40.7776
72 38.829
73 38.7125
74 29.9262
75 27.8033
76 35.2872
77 36.6102
78 32.0248
79 37.4945
80 29.0455
81 38.0295
82 38.337
83 36.3233
84 24.8205
85 29.1479
86 30.5726
87 33.74
88 36.1564
89 26.4454
90 36.3911
91 39.0883
92 29.2629
93 37.0283
94 38.0753
95 38.6619
96 33.1301
97 34.528
98 35.5952
99 40.9955
100 39.5498
101 37.3049
102 39.6021
103 35.0789
104 34.282
105 32.0237
106 33.8249
107 25.8726
108 21.9329
109 34.4292
110 18.1413
111 25.435
112 32.5354
113 32.8615
114 37.0863
115 37.726
116 24.5128
117 35.1412
118 36.8695
119 37.0014
120 101.963
