1 5.68496
2 7.02144
3 7.79718
4 7.15294
5 6.56383
6 7.40882
7 9.22908
8 13.3789
9 13.9623
10 14.3574
11 20.0829
12 21.3005
13 22.9962
14 22.697
15 20.4732
16 23.2778
17 28.2322
18 22.4738
19 17.1969
20 18.3354
21 20.0633
22 21.3188
23 21.7946
24 21.7271
25 20.929
26 20.1413
27 18.5107
28 18.1435
29 18.0072
30 19.8284
31 20.0824
32 21.5649
33 20.0588
34 17.7384
35 18.0149
36 20.8632
37 21.1751
38 18.0079
39 16.8169
40 15.3213
41 21.384
42 25.2642
43 26.8855
44 28.3453
45 28.0339
46 36.6393
47 36.0596
48 49.8985
49 33.0986
50 32.6444
51 33.1677
52 32.7671
53 34.8686
54 26.5445
55 26.6938
56 29.7339
57 45.2204
58 29.634
59 33.5746
60 37.6937
61 25.4774
62 24.4003
63 23.7193
64 22.739
65 21.1311
66 20.7139
67 21.3044
68 25.0043
69 27.8344
70 29.5086
71 24.4749
72 37.8615
73 31.6445
74 22.5918
75 27.2362
76 26.745
77 27.0157
78 35.624
79 42.5935
80 41.4717
81 33.4676
82 39.563
83 38.8381
84 31.9271
85 42.3557
86 28.7688
87 34.8991
88 36.7208
89 44.3008
90 43.0333
91 41.1743
92 31.4563
93 31.2976
94 37.924
95 44.309
96 41.093
97 36.9839
98 38.2505
99 36.0182
100 37.2646
101 35.1392
102 43.2354
103 36.6275
104 46.2934
105 36.5297
106 36.2513
107 39.1655
108 31.5214
109 35.7184
110 30.7018
111 35.9022
112 37.2567
113 33.9589
114 33.7496
115 32.3244
116 29.991
117 30.6168
118 31.2669
119 29.6651
120 44.1672
