1 4.56526
2 5.53492
3 6.49948
4 6.65191
5 7.32065
6 7.36362
7 7.99786
8 9.01755
9 8.01892
10 9.57887
11 9.55585
12 10.0172
13 10.5518
14 10.2246
15 9.63373
16 9.49307
17 7.85655
18 8.69333
19 9.35313
20 10.1424
21 10.1091
22 10.0738
23 9.88468
24 12.0016
25 13.3838
26 16.201
27 24.538
28 28.6622
29 24.8274
30 22.2117
31 25.6155
32 31.7178
33 34.5112
34 36.7248
35 38.5617
36 37.227
37 40.1691
38 39.7201
39 42.9205
40 47.0498
41 51.9198
42 46.4965
43 46.6909
44 40.2699
45 40.2846
46 34.622
47 35.6711
48 38.9018
49 35.826
50 31.7176
51 33.7574
52 31.5825
53 32.9074
54 28.796
55 26.7481
56 29.1426
57 45.1509
58 27.7194
59 33.4926
60 39.3322
61 25.4759
62 28.2842
63 29.9443
64 34.1278
65 27.415
66 30.6522
67 26.3403
68 37.2544
69 30.2983
70 43.9546
71 25.714
72 37.9679
73 31.3974
74 25.8948
75 27.3905
76 29.1229
77 26.4234
78 36.1621
79 43.5891
80 39.8302
81 36.2133
82 38.1912
83 42.1419
84 29.999
85 34.6394
86 25.5052
87 32.1755
88 32.9225
89 41.6767
90 39.7745
91 42.1032
92 30.4529
93 32.7451
94 40.7426
95 45.821
96 37.4608
97 39.8817
98 35.7892
99 33.615
100 37.7887
101 34.1376
102 43.6212
103 39.7487
104 44.2026
105 39.5378
106 38.2004
107 42.6104
108 35.0316
109 40.2725
110 33.6531
111 40.1864
112 32.4822
113 37.5365
114 33.7043
115 29.5463
116 28.1572
117 30.8999
118 27.2076
119 32.4518
120 43.6968
