1 15.0578
2 13.8356
3 12.359
4 12.7672
5 13.0721
6 16.045
7 17.9475
8 17.4082
9 17.8616
10 22.8458
11 26.6538
12 27.3308
13 34.1011
14 33.6794
15 36.9496
16 35.9346
17 31.9549
18 32.7347
19 30.1593
20 27.5245
21 25.2953
22 28.8414
23 31.6432
24 28.0125
25 27.0215
26 26.6769
27 24.1139
28 23.6991
29 19.2754
30 21.6777
31 26.6992
32 25.0177
33 24.4299
34 30.6897
35 32.927
36 22.5183
37 24.7297
38 22.9059
39 20.9103
40 22.0271
41 21.8266
42 22.4391
43 22.5221
44 21.7615
45 20.3107
46 19.4351
47 24.3163
48 24.7497
49 37.6966
50 34.8909
51 34.2525
52 36.2903
53 36.1773
54 38.863
55 43.8262
56 46.8223
57 39.6114
58 46.1587
59 37.802
60 40.0401
61 45.768
62 40.0984
63 36.4662
64 38.8294
65 44.7729
66 36.9862
67 32.0338
68 43.3377
69 49.6103
70 48.0536
71 37.769
72 36.6215
73 39.2969
74 39.4617
75 44.2829
76 42.0852
77 51.6494
78 49.2667
79 45.6799
80 44.8656
81 38.6861
82 42.9552
83 48.5137
84 49.3554
85 42.8426
86 39.4041
87 39.6456
88 38.639
89 38.1468
90 38.4927
91 52.0598
92 47.1535
93 47.1238
94 48.7988
95 42.0297
96 33.9208
97 46.1032
98 33.5272
99 38.3263
100 42.8319
101 41.2575
102 42.633
103 36.717
104 34.6025
105 39.1858
106 26.1911
107 39.651
108 38.4344
109 34.3165
110 35.3277
111 40.4304
112 29.5067
113 32.7641
114 36.4565
115 33.2434
116 36.9946
117 32.49
118 36.7644
119 33.93
120 46.0428
