1 14.0085
2 13.6308
3 12.9176
4 13.5941
5 14.5281
6 14.1654
7 14.4391
8 16.4675
9 18.2018
10 19.6481
11 18.7565
12 17.5519
13 17.2714
14 17.9422
15 19.229
16 25.6015
17 28.9743
18 29.956
19 32.5171
20 34.155
21 32.1522
22 43.4168
23 43.5838
24 41.8196
25 49.0573
26 53.4257
27 53.8631
28 54.1584
29 43.4792
30 46.2256
31 47.7572
32 50.1807
33 46.5409
34 41.758
35 41.9175
36 36.6679
37 39.4229
38 40.0275
39 40.4461
40 49.2858
41 45.7684
42 37.8333
43 34.2584
44 34.2423
45 30.9187
46 41.0965
47 32.6108
48 22.0178
49 21.3872
50 12.1173
51 12.4235
52 12.9699
53 12.4848
54 14.8183
55 19.0246
56 19.7702
57 21.1132
58 25.3325
59 29.4311
60 36.1091
61 38.0268
62 38.0382
63 28.2214
64 37.3105
65 36.1941
66 36.7257
67 32.4368
68 33.0461
69 30.2672
70 26.186
71 31.6701
72 27.1205
73 35.5731
74 25.9091
75 36.8872
76 30.5257
77 28.0004
78 29.532
79 31.3468
80 38.3265
81 33.4682
82 32.6113
83 33.1578
84 31.5577
85 41.7003
86 38.3495
87 33.6881
88 38.3648
89 36.0282
90 44.6903
91 36.0732
92 38.7059
93 38.2131
94 29.621
95 39.7938
96 37.4393
97 39.6706
98 35.213
99 30.5974
100 40.419
101 36.2343
102 39.2098
103 38.2862
104 34.7329
105 37.4689
106 39.2886
107 36.9119
108 25.556
109 28.7867
110 29.9828
111 37.0494
112 37.2364
113 31.6675
114 37.9517
115 34.1807
116 37.0183
117 34.5011
118 31.8581
119 34.8055
120 55.535
