1 9.09868
2 9.19501
3 8.0521
4 8.62163
5 8.76841
6 9.58937
7 7.32533
8 7.54344
9 8.15226
10 8.5884
11 9.8773
12 9.85831
13 12.2051
14 13.5931
15 17.0935
16 18.1592
17 19.6184
18 20.4453
19 19.2512
20 13.88
21 13.4511
22 12.1559
23 10.7993
24 11.4388
25 11.0794
26 11.3445
27 10.4926
28 9.91741
29 10.3122
30 10.5185
31 11.8338
32 13.9997
33 15.716
34 15.9583
35 16.8808
36 15.5132
37 16.2044
38 18.7926
39 22.2595
40 22.8946
41 24.1538
42 29.4503
43 33.2513
44 39.9507
45 29.5955
46 38.1062
47 34.8936
48 35.3077
49 39.2099
50 34.3172
51 31.4607
52 29.5973
53 32.7136
54 36.1474
55 26.4577
56 31.3965
57 44.5756
58 27.6719
59 32.4768
60 38.9174
61 35.9324
62 42.6388
63 37.2076
64 35.1836
65 41.2569
66 36.7887
67 34.3326
68 35.6291
69 32.6482
70 30.997
71 28.3213
72 29.2031
73 31.1344
74 32.8153
75 29.6256
76 32.1847
77 26.4857
78 27.3743
79 30.1572
80 35.3304
81 33.7525
82 35.2157
83 34.7759
84 31.2447
85 36.0974
86 38.4875
87 35.6977
88 39.3845
89 38.1682
90 40.6448
91 34.7416
92 41.3159
93 38.0692
94 35.1746
95 40.1177
96 41.4713
97 44.4501
98 33.7924
99 30.3075
100 43.1444
101 36.9583
102 38.973
103 33.2819
104 38.3339
105 32.9435
106 37.7833
107 40.1217
108 26.8223
109 29.2683
110 28.7142
111 34.3386
112 34.401
113 32.4134
114 39.0996
115 39.2624
116 36.2528
117 36.222
118 36.5712
119 36.1079
120 57.0652
