1 9.45759
2 14.248
3 15.7738
4 13.7431
5 12.2302
6 13.0147
7 14.0704
8 13.5724
9 15.1169
10 17.9552
11 21.0251
12 27.0357
13 25.9534
14 27.1266
15 27.5408
16 26.9218
17 23.2722
18 17.5429
19 17.1799
20 18.008
21 17.6555
22 17.1088
23 16.5069
24 17.7334
25 16.8238
26 16.7801
27 15.8494
28 16.9698
29 16.9955
30 18.0963
31 19.6747
32 19.4432
33 21.7433
34 22.0059
35 21.4026
36 27.18
37 27.949
38 32.2039
39 31.6146
40 31.7401
41 29.8978
42 32.4689
43 31.36
44 30.369
45 28.8505
46 31.9174
47 33.4192
48 36.27
49 37.9049
50 35.1586
51 34.2866
52 37.0408
53 35.2146
54 37.3922
55 43.9418
56 45.8915
57 43.2476
58 41.9323
59 38.7814
60 45.8772
61 48.635
62 34.3825
63 36.2789
64 41.5547
65 44.4689
66 39.6196
67 32.818
68 46.7973
69 46.7942
70 45.2188
71 40.567
72 43.6194
73 42.956
74 38.855
75 42.6311
76 47.9313
77 43.9676
78 48.1099
79 45.2884
80 46.3963
81 39.6999
82 47.883
83 43.436
84 50.177
85 41.7418
86 42.5866
87 47.1854
88 43.396
89 40.8348
90 44.4138
91 51.4543
92 45.1957
93 40.0929
94 41.9708
95 41.0394
96 35.6942
97 37.7909
98 32.0917
99 34.4423
100 44.121
101 39.0761
102 42.8342
103 33.2501
104 35.8237
105 40.0243
106 27.158
107 34.6993
108 39.1262
109 34.2584
110 37.5069
111 32.6569
112 32.727
113 33.4845
114 33.6589
115 31.5612
116 34.1797
117 29.9659
118 33.4204
119 29.9426
120 45.4715
