1 14.7146
2 16.082
3 16.1246
4 13.5802
5 15.1595
6 15.549
7 15.0051
8 18.3302
9 19.0703
10 22.2415
11 24.4853
12 25.5741
13 28.5732
14 22.6883
15 14.8398
16 15.5907
17 15.6664
18 20.3747
19 21.386
20 22.5738
21 22.434
22 23.0904
23 22.3617
24 25.0245
25 26.5799
26 21.527
27 21.1371
28 23.9676
29 26.3942
30 27.982
31 27.6435
32 23.4104
33 25.8255
34 16.5208
35 14.1746
36 14.3049
37 15.1997
38 13.6662
39 13.3824
40 11.6432
41 11.557
42 11.7848
43 13.8726
44 16.33
45 16.7295
46 15.6741
47 14.4253
48 15.5683
49 15.3319
50 15.7585
51 17.6533
52 18.5819
53 16.8123
54 11.7302
55 11.2892
56 12.1464
57 12.4667
58 11.4161
59 9.84644
60 9.4312
61 9.5314
62 10.0881
63 10.1914
64 11.8925
65 10.7623
66 8.89547
67 10.5044
68 11.6713
69 12.2757
70 12.3672
71 9.18484
72 9.27228
73 8.68103
74 9.40636
75 10.8468
76 11.1791
77 10.2058
78 11.152
79 11.6167
80 12.8648
81 12.2179
82 12.5546
83 13.0664
84 14.4277
85 15.366
86 15.4247
87 15.4573
88 13.8618
89 12.5221
90 10.7299
91 10.3547
92 11.8004
93 13.5704
94 13.4133
95 17.2609
96 19.6866
97 19.6899
98 20.0044
99 20.5024
100 21.9313
101 21.1473
102 19.0987
103 18.6866
104 20.3254
105 23.1533
106 22.8597
107 22.3821
108 23.8989
109 22.0359
110 16.5528
111 16.0054
112 17.0487
113 20.1312
114 19.7949
115 19.3926
116 18.9438
117 21.715
118 19.5925
119 18.3215
120 19.9296
