1 3.5164
2 3.88409
3 5.05829
4 5.46636
5 5.88629
6 5.56334
7 6.16318
8 6.33144
9 6.01232
10 6.27471
11 6.52302
12 6.95745
13 7.9275
14 8.59077
15 8.43311
16 8.45817
17 9.26369
18 9.02241
19 9.47644
20 8.83669
21 9.60073
22 8.8274
23 8.57865
24 11.7512
25 11.679
26 11.6513
27 12.3037
28 14.3249
29 14.1057
30 13.7449
31 14.983
32 16.4498
33 18.179
34 20.1482
35 19.7315
36 20.8614
37 20.4859
38 20.5316
39 19.9201
40 18.5489
41 18.0038
42 16.9067
43 16.606
44 16.4858
45 16.3689
46 15.1698
47 15.1606
48 16.4219
49 17.1924
50 18.1539
51 17.7042
52 17.3288
53 18.8897
54 18.2377
55 18.0239
56 19.4415
57 18.6286
58 18.6634
59 18.8064
60 19.1453
61 21.5622
62 22.7569
63 22.0444
64 22.9618
65 21.1903
66 24.1629
67 22.4166
68 24.6726
69 19.076
70 23.7273
71 18.5445
72 20.725
73 21.5309
74 20.902
75 20.9472
76 20.8497
77 24.0226
78 20.2711
79 22.7713
80 20.0085
81 22.0117
82 24.1861
83 21.4875
84 23.1104
85 22.0944
86 24.898
87 21.5775
88 18.7897
89 18.5788
90 21.3845
91 21.2825
92 23.0451
93 23.7613
94 24.5023
95 25.0497
96 22.1361
97 22.4852
98 23.3631
99 24.8726
100 25.4082
101 20.1664
102 23.7183
103 20.3738
104 21.9265
105 24.8479
106 22.4992
107 25.5113
108 21.2214
109 19.9003
110 21.4361
111 16.8424
112 19.7406
113 18.8556
114 18.9915
115 24.3842
116 22.5781
117 21.3616
118 26.7257
119 25.0187
120 35.3029
