1 4.92369
2 6.25509
3 5.54686
4 4.95314
5 5.67733
6 5.946
7 5.87621
8 5.67666
9 5.95343
10 6.31131
11 6.45455
12 6.89109
13 7.8926
14 8.0179
15 8.47487
16 9.26929
17 12.8136
18 14.6072
19 15.9132
20 16.2921
21 16.932
22 24.0398
23 25.5428
24 23.4425
25 26.838
26 28.5977
27 30.156
28 27.8565
29 26.6512
30 29.1136
31 31.3751
32 31.6022
33 33.961
34 30.9452
35 31.1947
36 33.1531
37 31.6898
38 32.2696
39 35.535
40 35.5718
41 36.3663
42 36.3194
43 35.3522
44 37.2755
45 31.9657
46 31.3309
47 30.7952
48 32.4492
49 39.4416
50 29.8137
51 32.2878
52 32.2313
53 29.6345
54 33.4729
55 25.5029
56 24.343
57 24.7978
58 21.8855
59 22.6991
60 23.907
61 23.5243
62 26.3147
63 27.0283
64 24.5062
65 24.7006
66 25.2544
67 25.3029
68 23.6142
69 24.3675
70 22.6923
71 21.6235
72 25.0274
73 20.3941
74 17.7837
75 20.7006
76 21.997
77 20.714
78 22.2124
79 22.5857
80 23.6057
81 21.3121
82 23.4799
83 21.7943
84 21.6693
85 22.8822
86 25.6534
87 19.0752
88 21.8238
89 20.2049
90 21.9279
91 22.6432
92 20.5616
93 21.7105
94 23.9857
95 23.8292
96 21.9679
97 20.9897
98 21.7762
99 20.9579
100 24.2189
101 20.9068
102 22.3703
103 21.5106
104 25.3891
105 22.4011
106 21.9993
107 23.8402
108 21.1373
109 20.0289
110 22.2704
111 21.5509
112 19.5721
113 20.5197
114 21.1586
115 24.9752
116 19.8748
117 20.3099
118 22.5145
119 23.1661
120 39.7024
