1 2.99193
2 3.44124
3 3.82113
4 5.1089
5 5.80536
6 6.10182
7 6.94882
8 5.96869
9 7.26417
10 8.14652
11 8.71985
12 9.11573
13 9.10597
14 9.39275
15 11.1802
16 10.2331
17 10.8552
18 11.02
19 10.6387
20 10.6382
21 10.6865
22 11.1971
23 11.8848
24 16.337
25 19.3186
26 19.3559
27 18.4005
28 19.5561
29 20.741
30 21.0397
31 23.2287
32 23.0122
33 22.8764
34 23.4301
35 21.7422
36 23.472
37 23.1193
38 24.1892
39 26.4238
40 19.682
41 16.3036
42 13.4801
43 13.1686
44 13.6744
45 13.8703
46 14.8184
47 15.3629
48 15.2902
49 22.3143
50 23.7528
51 22.7573
52 19.487
53 18.6185
54 16.452
55 14.8956
56 14.3508
57 14.5717
58 14.362
59 14.3189
60 12.287
61 9.11533
62 9.43762
63 9.25213
64 8.7233
65 8.72323
66 8.89087
67 8.51222
68 7.94733
69 7.93874
70 8.31875
71 9.26716
72 9.85648
73 10.2226
74 10.1718
75 10.044
76 11.0076
77 10.7199
78 12.0013
79 12.571
80 12.1859
81 11.7723
82 8.35423
83 6.61181
84 7.76383
85 7.67197
86 7.75891
87 7.56299
88 8.44708
89 8.36074
90 8.93519
91 9.52694
92 9.56838
93 9.83096
94 9.82144
95 9.48847
96 9.33482
97 7.94727
98 8.69459
99 9.99829
100 8.84122
101 8.70941
102 9.04029
103 8.17642
104 8.13584
105 7.8963
106 8.04027
107 8.26508
108 8.43019
109 8.39157
110 8.61558
111 8.67342
112 7.89857
113 6.69588
114 6.27928
115 6.48669
116 7.1692
117 8.71699
118 11.0643
119 11.3811
120 11.2285
