1 2.70084
2 3.62692
3 4.60423
4 5.41442
5 6.49285
6 7.39521
7 7.2225
8 7.55703
9 7.63454
10 8.49351
11 9.80841
12 10.0793
13 10.4147
14 9.84837
15 11.028
16 11.2807
17 10.9918
18 11.4742
19 11.553
20 12.0307
21 10.2869
22 10.0611
23 9.9899
24 10.0471
25 9.80294
26 7.15195
27 8.01294
28 7.98115
29 8.69373
30 9.1275
31 9.66332
32 10.4172
33 10.4143
34 10.0787
35 8.4711
36 11.298
37 12.8419
38 13.4187
39 12.9636
40 12.4758
41 11.7142
42 9.92967
43 9.91999
44 10.0513
45 9.69772
46 8.36038
47 8.92719
48 8.89841
49 8.64494
50 7.91557
51 7.96541
52 7.38524
53 6.92233
54 7.02936
55 7.61327
56 7.65013
57 8.52799
58 8.96394
59 9.13814
60 9.06448
61 9.62415
62 7.24108
63 7.58121
64 7.83406
65 8.26924
66 7.87929
67 8.26916
68 8.5541
69 8.47141
70 8.45168
71 13.8966
72 18.572
73 19.5622
74 19.6321
75 20.9847
76 21.0657
77 21.0328
78 21.6185
79 21.5398
80 22.6162
81 21.4795
82 19.5932
83 19.4546
84 19.0394
85 15.3003
86 14.9671
87 15.2791
88 18.1589
89 30.5686
90 32.6943
91 36.6441
92 35.767
93 35.5079
94 43.0923
95 41.6995
96 33.9867
97 32.9086
98 34.9241
99 35.3145
100 29.7979
101 30.388
102 27.2645
103 26.248
104 32.8007
105 34.9166
106 34.0406
107 31.124
108 38.2249
109 58.6486
110 57.247
111 64.5287
112 56.3517
113 48.0292
114 52.2653
115 44.7388
116 44.57
117 48.5259
118 57.9109
119 54.4694
120 69.8065
