1 6.53086
2 7.6567
3 8.7932
4 8.3242
5 9.29914
6 9.17234
7 10.233
8 9.82127
9 9.46494
10 11.6814
11 13.1612
12 13.6337
13 13.7615
14 14.56
15 18.0632
16 18.7595
17 18.7624
18 21.3701
19 20.8541
20 21.794
21 22.4096
22 21.2442
23 20.9052
24 21.1488
25 19.1116
26 18.8366
27 18.115
28 20.1267
29 21.8189
30 23.003
31 24.0915
32 23.5429
33 23.504
34 23.6421
35 22.891
36 29.4874
37 25.8236
38 22.591
39 21.3534
40 18.9648
41 20.0737
42 20.0549
43 21.2697
44 27.6082
45 30.5507
46 31.9409
47 30.2653
48 30.2307
49 33.1081
50 28.9484
51 25.0391
52 26.1429
53 26.3062
54 26.5854
55 26.6131
56 24.4087
57 25.0803
58 26.3739
59 26.2113
60 26.9813
61 23.5676
62 24.1117
63 27.1998
64 23.6648
65 22.3585
66 25.9146
67 22.2437
68 21.54
69 21.0695
70 22.8265
71 22.5483
72 22.8539
73 20.4748
74 19.7722
75 24.3505
76 21.532
77 22.4134
78 20.7028
79 21.5862
80 22.9036
81 20.9352
82 24.3785
83 24.5365
84 22.7057
85 24.912
86 23.5096
87 23.9031
88 18.9044
89 20.5802
90 20.6883
91 23.2479
92 21.7483
93 22.584
94 22.269
95 21.2378
96 19.2256
97 20.799
98 22.2045
99 21.9055
100 24.5631
101 22.405
102 25.6234
103 19.7719
104 22.3709
105 23.7542
106 24.2164
107 20.8754
108 21.5734
109 18.8764
110 20.8481
111 18.7648
112 20.9929
113 18.7861
114 22.0861
115 22.7588
116 22.4906
117 23.2585
118 24.7877
119 20.6375
120 49.8371
