1 5.94261
2 6.40267
3 6.93724
4 7.24679
5 8.38941
6 7.65643
7 6.01752
8 6.20546
9 6.17436
10 6.99704
11 8.51968
12 8.85562
13 9.25127
14 9.31879
15 10.429
16 10.5363
17 12.2305
18 12.2281
19 10.5163
20 10.9283
21 11.2714
22 11.1731
23 11.7489
24 11.7938
25 15.5361
26 15.4258
27 14.9978
28 14.4023
29 15.1616
30 15.8473
31 19.9975
32 20.9352
33 21.9873
34 21.9589
35 23.4196
36 24.1481
37 23.2214
38 22.215
39 22.7272
40 21.9412
41 22.1187
42 25.2206
43 31.1122
44 32.9642
45 29.9181
46 31.7116
47 35.9957
48 34.0445
49 28.9026
50 31.5787
51 36.2667
52 46.4919
53 48.0506
54 49.8269
55 49.0141
56 50.7083
57 49.6218
58 58.3703
59 68.3906
60 61.2203
61 73.771
62 74.869
63 76.6778
64 69.0507
65 75.7607
66 71.0448
67 66.5045
68 83.048
69 65.159
70 66.2587
71 75.0661
72 74.469
73 60.3808
74 66.3143
75 66.436
76 67.5221
77 66.4507
78 63.6401
79 61.8262
80 62.556
81 66.7128
82 58.5312
83 58.9021
84 69.9486
85 58.7277
86 69.3142
87 63.8813
88 68.2691
89 44.2238
90 48.7596
91 54.1148
92 42.5873
93 37.5901
94 39.3876
95 41.4834
96 36.604
97 38.8869
98 39.197
99 37.2499
100 38.2033
101 32.2426
102 40.5427
103 38.622
104 35.6049
105 38.2253
106 38.1339
107 40.703
108 37.9155
109 43.0427
110 34.1527
111 40.9161
112 45.6039
113 38.9889
114 47.2723
115 44.8504
116 48.088
117 46.5648
118 37.1987
119 39.4736
120 47.9276
