1 3.33419
2 3.97041
3 4.23851
4 5.10543
5 5.70292
6 5.69648
7 6.04621
8 6.98007
9 7.03799
10 6.25495
11 6.64617
12 6.94983
13 7.64956
14 8.4759
15 11.257
16 11.4489
17 11.6484
18 12.8031
19 11.9334
20 8.96007
21 8.92804
22 9.149
23 9.17595
24 8.92396
25 8.98595
26 9.20473
27 8.89222
28 8.82659
29 11.01
30 14.5422
31 14.1697
32 12.4029
33 13.3035
34 15.6363
35 18.1015
36 18.9636
37 19.3793
38 19.7086
39 19.1161
40 19.0844
41 19.3841
42 17.7817
43 17.8145
44 17.4533
45 16.7399
46 15.8138
47 17.636
48 17.6815
49 18.0438
50 21.669
51 33.5853
52 32.4785
53 45.867
54 49.8425
55 47.5676
56 47.9182
57 47.9083
58 53.5513
59 49.4248
60 52.1759
61 45.5309
62 57.484
63 58.0193
64 59.3135
65 63.0688
66 56.8231
67 68.8242
68 65.9035
69 58.6852
70 65.5197
71 60.3491
72 57.8752
73 64.7881
74 63.4534
75 56.8501
76 66.4708
77 63.8249
78 60.1935
79 63.9447
80 68.0766
81 67.5686
82 58.5165
83 62.7305
84 59.0895
85 56.3678
86 58.7907
87 49.2222
88 49.9014
89 48.5389
90 48.3897
91 54.2998
92 62.5806
93 58.8467
94 61.3369
95 57.6471
96 52.4779
97 61.5717
98 53.8715
99 59.8117
100 62.3718
101 58.0646
102 59.4496
103 60.3937
104 50.4241
105 56.2734
106 46.4188
107 58.3427
108 54.9491
109 48.2901
110 59.0463
111 47.681
112 55.7186
113 56.955
114 40.1975
115 33.9892
116 36.0376
117 40.7583
118 38.5763
119 31.239
120 43.9788
