1 2.98335
2 5.0507
3 4.54991
4 4.66466
5 5.67503
6 5.94702
7 6.81054
8 6.61347
9 6.83649
10 7.16611
11 7.53559
12 8.02645
13 8.22654
14 8.42795
15 8.75174
16 8.92437
17 9.79524
18 9.34471
19 9.04014
20 8.36664
21 8.93084
22 9.38876
23 9.43477
24 11.1374
25 10.2363
26 9.18859
27 7.53523
28 7.73611
29 7.9409
30 8.13273
31 7.04011
32 6.5432
33 6.92486
34 7.98986
35 8.26437
36 8.74884
37 8.86142
38 8.83764
39 10.5711
40 12.6939
41 12.7272
42 11.1044
43 10.9691
44 12.0579
45 12.1633
46 12.674
47 14.0115
48 14.1295
49 13.2503
50 11.0461
51 9.94618
52 9.66542
53 7.81971
54 8.73134
55 8.83672
56 8.92611
57 8.8932
58 8.67206
59 8.66125
60 7.31891
61 7.09119
62 6.8753
63 6.42617
64 6.68523
65 6.18804
66 6.34072
67 6.44135
68 6.82786
69 6.92001
70 6.7675
71 7.02159
72 7.0489
73 7.37269
74 7.54243
75 7.35658
76 7.75223
77 8.3529
78 8.25202
79 8.13546
80 8.91372
81 9.01423
82 9.35799
83 10.6617
84 11.9055
85 12.099
86 11.5401
87 11.3481
88 8.08238
89 8.58654
90 8.81849
91 8.9864
92 8.99049
93 10.5156
94 11.0649
95 11.279
96 12.3365
97 13.9774
98 14.008
99 13.9491
100 14.0976
101 15.4281
102 15.5392
103 18.1215
104 22.08
105 24.313
106 23.4095
107 18.7472
108 18.761
109 14.3675
110 13.7877
111 17.5668
112 18.1996
113 17.8382
114 17.6053
115 17.2361
116 16.9421
117 21.6663
118 26.682
119 28.2528
120 28.5687
