1 3.66088
2 4.41507
3 4.74973
4 4.65822
5 4.08847
6 4.39167
7 4.21189
8 4.66049
9 4.97119
10 6.42073
11 7.61397
12 8.14533
13 9.19316
14 9.01318
15 9.1302
16 9.25241
17 9.05803
18 9.517
19 10.7246
20 12.9078
21 12.435
22 12.203
23 12.0683
24 12.7365
25 14.6793
26 21.1406
27 23.6632
28 23.3808
29 23.3592
30 22.2427
31 19.1265
32 19.9671
33 23.1724
34 21.717
35 23.9746
36 25.5779
37 27.2781
38 28.3864
39 35.0579
40 25.1688
41 27.2463
42 27.5341
43 28.8405
44 29.0654
45 32.4842
46 35.9348
47 25.1372
48 24.8932
49 24.4692
50 24.1524
51 26.1075
52 24.3603
53 24.2123
54 23.7975
55 23.289
56 19.3023
57 18.9656
58 19.726
59 24.7403
60 25.0862
61 25.0913
62 25.601
63 30.4455
64 30.1049
65 33.5835
66 39.2174
67 38.8248
68 38.8368
69 42.6077
70 50.18
71 50.7384
72 45.4012
73 39.8501
74 44.9016
75 43.9862
76 48.0742
77 45.2349
78 42.6031
79 40.4112
80 38.6238
81 39.2403
82 40.1845
83 36.4706
84 19.943
85 21.0777
86 20.8392
87 21.3275
88 19.7655
89 14.594
90 15.1445
91 19.2561
92 19.3321
93 18.5764
94 18.282
95 17.9399
96 17.917
97 17.0029
98 17.7148
99 18.9856
100 18.3616
101 18.0168
102 18.7858
103 19.0306
104 19.1649
105 18.9781
106 18.1373
107 17.9874
108 18.211
109 21.0118
110 22.0354
111 17.8409
112 14.3543
113 15.3257
114 13.8316
115 13.8287
116 15.118
117 15.9995
118 16.6036
119 16.6733
120 18.7057
