1 12.1578
2 13.4936
3 13.5817
4 13.8726
5 12.5208
6 14.6162
7 18.1058
8 17.4491
9 18.439
10 18.122
11 20.759
12 21.9432
13 21.4393
14 21.3898
15 20.9433
16 24.0151
17 24.6361
18 24.6863
19 23.3059
20 21.1533
21 24.1674
22 27.7306
23 28.6665
24 28.0283
25 29.0151
26 24.2141
27 25.5864
28 29.9935
29 31.4112
30 29.4613
31 30.9161
32 25.9389
33 24.3526
34 24.7478
35 23.9106
36 22.8296
37 22.6428
38 22.6267
39 26.1146
40 27.5322
41 27.0287
42 28.9469
43 25.5276
44 25.3145
45 23.254
46 25.4255
47 22.1101
48 24.6512
49 23.8561
50 24.7677
51 24.1104
52 24.2734
53 24.7185
54 26.0881
55 24.5758
56 27.3351
57 23.9165
58 22.3749
59 23.1186
60 24.762
61 24.2541
62 25.1222
63 24.0581
64 26.2251
65 24.0067
66 23.3007
67 22.0861
68 22.5235
69 19.9186
70 20.8334
71 19.8793
72 20.389
73 17.6212
74 20.2425
75 20.4285
76 21.2453
77 20.9312
78 21.2076
79 22.0115
80 20.1744
81 19.6994
82 21.3937
83 21.664
84 21.0089
85 19.9266
86 19.2381
87 18.6342
88 17.6233
89 19.3403
90 16.7196
91 19.2169
92 16.5244
93 17.9868
94 16.3549
95 18.9663
96 20.2705
97 19.2684
98 17.7964
99 19.6826
100 16.3994
101 18.0096
102 20.0506
103 18.134
104 18.6134
105 18.1391
106 17.9115
107 16.3993
108 18.5299
109 16.411
110 17.2643
111 18.2079
112 16.0078
113 15.7415
114 15.5721
115 17.0355
116 17.5881
117 16.3352
118 16.5382
119 18.0282
120 26.5898
