1 5.25836
2 9.60642
3 11.7637
4 11.3897
5 11.2779
6 13.6483
7 12.5066
8 13.8869
9 17.4598
10 17.8574
11 16.8937
12 15.4569
13 15.0084
14 15.2951
15 15.6878
16 13.9044
17 14.837
18 14.8088
19 14.9944
20 14.8638
21 15.3488
22 15.7498
23 16.014
24 18.8957
25 18.7506
26 23.9801
27 21.3686
28 22.3051
29 21.2747
30 20.7277
31 21.4681
32 24.1967
33 28.9021
34 28.4512
35 25.9958
36 27.8408
37 27.1548
38 24.1697
39 24.9668
40 27.5789
41 24.2104
42 23.666
43 24.7279
44 19.9196
45 20.9838
46 21.6242
47 21.7806
48 19.2473
49 21.1725
50 20.0155
51 19.9573
52 21.4757
53 11.5185
54 7.9267
55 7.93613
56 8.11904
57 9.01953
58 9.15783
59 9.43757
60 10.0031
61 10.277
62 11.4392
63 11.8463
64 13.9596
65 13.7325
66 14.8849
67 16.1719
68 15.0658
69 12.9303
70 18.8288
71 18.5172
72 21.466
73 18.905
74 21.4923
75 19.3289
76 22.941
77 20.5083
78 20.9143
79 20.7039
80 21.088
81 19.1257
82 20.9107
83 18.7853
84 19.5146
85 19.5618
86 17.3088
87 17.4212
88 16.1158
89 17.793
90 18.2906
91 17.2139
92 18.0652
93 17.5944
94 18.0202
95 16.6176
96 13.8368
97 18.3725
98 17.5391
99 17.4316
100 18.2914
101 18.4136
102 17.5722
103 16.0978
104 17.9645
105 18.3702
106 16.7119
107 19.3808
108 16.0025
109 18.3853
110 15.7344
111 16.5594
112 16.8856
113 18.4377
114 15.4671
115 14.8577
116 17.7282
117 19.1903
118 20.1478
119 16.8681
120 52.2072
