1 8.81654
2 9.52786
3 9.36717
4 9.49867
5 9.716
6 13.2676
7 22.9019
8 29.0109
9 28.0253
10 32.3342
11 29.8047
12 34.7524
13 27.056
14 31.4668
15 33.4694
16 29.5491
17 28.7718
18 23.7164
19 23.0843
20 21.1233
21 23.0708
22 21.8792
23 23.6481
24 25.543
25 27.188
26 26.1139
27 28.5993
28 30.2367
29 28.0911
30 25.9192
31 26.1147
32 30.2925
33 28.81
34 28.1978
35 27.9448
36 24.9837
37 28.6263
38 21.1391
39 20.5156
40 21.0624
41 22.1471
42 19.7091
43 22.7874
44 23.5197
45 25.8253
46 21.6428
47 22.2345
48 23.0888
49 23.2558
50 22.9743
51 21.1513
52 21.1336
53 23.2408
54 20.2643
55 22.3577
56 21.1186
57 23.9772
58 23.644
59 22.2967
60 21.5952
61 17.66
62 19.4677
63 20.707
64 17.6791
65 19.0822
66 21.3095
67 21.6325
68 19.9029
69 18.6529
70 16.421
71 15.8391
72 16.8482
73 20.1853
74 18.8452
75 20.5524
76 21.8117
77 17.8225
78 22.3305
79 20.6392
80 21.3777
81 18.2605
82 23.5573
83 27.992
84 23.4389
85 23.1471
86 18.9304
87 20.5965
88 23.2348
89 18.5986
90 18.6025
91 18.3425
92 19.6565
93 19.2002
94 14.9725
95 16.5877
96 17.5686
97 13.9385
98 18.6136
99 17.2263
100 15.2603
101 17.9901
102 17.8348
103 17.4238
104 16.0484
105 17.4503
106 16.9006
107 14.3671
108 14.3322
109 16.2978
110 14.0563
111 15.5232
112 17.1151
113 17.0641
114 16.6813
115 16.4532
116 14.2637
117 15.6083
118 14.3967
119 16.7343
120 38.3526
