1 5.79046
2 7.97123
3 8.13345
4 8.19829
5 8.74437
6 9.7777
7 9.53052
8 11.0185
9 12.765
10 18.8256
11 26.3612
12 24.3616
13 27.7689
14 29.2944
15 30.7261
16 27.6342
17 27.4207
18 27.1509
19 23.312
20 17.0802
21 18.4663
22 18.813
23 16.8111
24 16.325
25 18.3095
26 17.8966
27 17.4142
28 17.6766
29 19.2805
30 19.0986
31 17.9167
32 16.3552
33 15.3307
34 15.2119
35 15.8143
36 17.6696
37 18.6119
38 18.3317
39 19.2432
40 21.7116
41 21.9628
42 22.4985
43 20.2018
44 19.0773
45 18.1855
46 19.8759
47 27.787
48 25.747
49 25.1656
50 23.3135
51 25.0407
52 24.8415
53 22.8229
54 19.2399
55 18.7725
56 17.9428
57 21.7425
58 22.8478
59 23.4447
60 22.0748
61 20.9749
62 21.6458
63 23.5229
64 24.1635
65 24.2356
66 23.419
67 22.7474
68 23.0318
69 25.3778
70 24.6707
71 26.3886
72 23.0576
73 27.0306
74 25.2329
75 25.8172
76 27.6569
77 28.1636
78 24.4142
79 22.6255
80 23.004
81 23.3894
82 25.4304
83 22.2867
84 22.7678
85 19.8868
86 21.8029
87 24.4725
88 23.6827
89 23.1101
90 20.6705
91 22.0883
92 24.0074
93 18.7566
94 19.0626
95 19.2043
96 19.4441
97 17.4312
98 20.1913
99 21.1963
100 20.0797
101 22.7857
102 21.6257
103 17.5244
104 21.2763
105 17.4192
106 19.3328
107 19.4465
108 18.2473
109 17.7203
110 18.6033
111 19.2698
112 17.5675
113 18.432
114 17.5994
115 16.78
116 18.8616
117 18.5195
118 18.3018
119 20.7434
120 42.7895
