1 7.75668
2 10.1664
3 11.6218
4 12.7527
5 12.9474
6 13.8675
7 12.3674
8 13.4268
9 13.0508
10 12.0962
11 12.8729
12 14.0226
13 14.4615
14 15.6171
15 16.9748
16 15.8265
17 15.6384
18 16.4759
19 16.205
20 15.4301
21 14.8201
22 13.277
23 12.2863
24 9.74897
25 9.33837
26 9.62321
27 9.50361
28 10.1572
29 10.6291
30 10.455
31 10.1378
32 10.3994
33 12.2885
34 16.1304
35 25.1449
36 28.7241
37 28.853
38 25.4191
39 26.5649
40 20.7691
41 22.5141
42 20.8016
43 22.0866
44 22.5212
45 23.9093
46 23.5318
47 24.7454
48 22.5755
49 23.0249
50 22.5267
51 19.3854
52 23.3587
53 24.8494
54 25.2632
55 22.0277
56 23.9503
57 20.2603
58 19.4507
59 21.9067
60 20.4112
61 19.0321
62 23.376
63 20.7448
64 19.2845
65 20.0723
66 22.2112
67 21.7782
68 22.2233
69 17.4665
70 18.3632
71 17.2968
72 18.1562
73 20.0928
74 19.1183
75 18.757
76 18.3946
77 20.3903
78 17.1271
79 18.9124
80 20.4899
81 17.2414
82 23.086
83 25.2742
84 30.1661
85 27.3628
86 17.7608
87 19.7502
88 18.9618
89 17.7771
90 20.6028
91 17.7
92 17.3598
93 17.0946
94 15.5546
95 16.2476
96 17.7666
97 14.7711
98 17.7424
99 18.2761
100 15.8692
101 14.9011
102 17.0834
103 18.0198
104 18.2059
105 16.0729
106 16.7442
107 16.3148
108 15.721
109 17.2718
110 16.0159
111 16.5694
112 19.7381
113 19.1782
114 15.406
115 14.6515
116 14.6776
117 13.8137
118 14.3915
119 15.7461
120 25.753
