1 8.70851
2 10.6208
3 11.1037
4 12.2478
5 14.6835
6 22.5761
7 21.3176
8 24.0753
9 27.8734
10 26.901
11 26.6632
12 28.7255
13 29.2016
14 28.3596
15 26.7953
16 26.8223
17 29.3899
18 30.9995
19 34.8793
20 37.5239
21 34.7923
22 31.3902
23 32.5057
24 29.5029
25 27.8205
26 28.6509
27 26.9177
28 26.5694
29 30.9993
30 30.9661
31 29.6614
32 27.7968
33 26.5775
34 30.5905
35 28.158
36 24.5968
37 24.437
38 23.4314
39 22.9091
40 27.6342
41 24.292
42 25.6746
43 24.3895
44 22.592
45 25.7303
46 22.6065
47 19.4455
48 21.6885
49 23.0122
50 20.9253
51 17.2365
52 19.0022
53 22.4751
54 25.2579
55 23.9503
56 21.3866
57 26.6805
58 26.2927
59 27.6537
60 27.0194
61 21.6376
62 22.6859
63 23.3879
64 22.2791
65 24.461
66 21.717
67 29.7924
68 25.9437
69 24.6947
70 20.2257
71 17.3013
72 19.1393
73 20.0908
74 20.6986
75 20.8923
76 23.2015
77 23.2217
78 20.6458
79 21.1127
80 20.76
81 20.4552
82 18.9516
83 18.7254
84 17.5185
85 17.013
86 17.3587
87 17.009
88 17.4553
89 17.0898
90 18.5402
91 16.2525
92 17.2175
93 16.5044
94 16.1767
95 16.6617
96 15.281
97 17.4592
98 19.7716
99 19.0766
100 17.7509
101 18.5943
102 16.7559
103 16.4356
104 18.6952
105 17.4283
106 17.5261
107 20.5719
108 19.6243
109 17.722
110 17.8711
111 18.5539
112 17.4214
113 16.3709
114 18.7284
115 16.8365
116 21.2666
117 18.9384
118 19.471
119 16.3206
120 33.2114
