1 16.0436
2 20.7306
3 20.6072
4 18.8828
5 17.2892
6 26.0832
7 38.8117
8 45.4036
9 47.4029
10 54.2255
11 43.7332
12 46.6757
13 41.4684
14 38.2201
15 42.251
16 43.951
17 42.0359
18 40.9003
19 47.5336
20 50.2322
21 46.5881
22 35.83
23 33.6587
24 43.4952
25 38.8037
26 50.8176
27 43.0526
28 37.1283
29 48.4878
30 45.7658
31 52.9905
32 51.4156
33 52.3153
34 47.6251
35 59.9104
36 51.4765
37 47.5433
38 42.3695
39 37.2417
40 35.3508
41 40.7426
42 30.6565
43 37.9869
44 38.1536
45 32.5572
46 28.0816
47 30.5039
48 30.7756
49 31.1341
50 35.045
51 28.4743
52 28.4621
53 30.5492
54 22.2793
55 17.274
56 16.202
57 14.7684
58 24.5698
59 22.7528
60 20.8818
61 21.4631
62 20.7567
63 21.2869
64 24.1418
65 23.129
66 24.0417
67 23.3267
68 22.1505
69 25.4852
70 21.035
71 22.4936
72 22.9197
73 27.9151
74 28.7307
75 23.3422
76 25.0321
77 24.6379
78 23.4958
79 23.7851
80 20.7911
81 21.7917
82 23.8715
83 18.2935
84 24.8028
85 21.6706
86 21.4754
87 23.5174
88 21.3951
89 21.4883
90 23.0169
91 21.7779
92 20.7487
93 16.649
94 16.156
95 20.4192
96 20.0426
97 16.1274
98 19.1311
99 20.6293
100 21.1917
101 20.6479
102 21.9298
103 20.7408
104 19.4276
105 15.2365
106 18.5492
107 16.0659
108 17.9409
109 19.5744
110 20.1772
111 16.1398
112 21.4318
113 18.9276
114 19.8203
115 18.3277
116 18.3264
117 19.6669
118 18.1094
119 19.8686
120 44.5841
