1 6.66305
2 9.20973
3 12.6464
4 12.4631
5 13.6701
6 15.3088
7 18.3148
8 15.6168
9 13.5134
10 16.8601
11 22.1225
12 19.145
13 21.4725
14 20.9882
15 18.7426
16 18.9039
17 19.2465
18 19.5233
19 19.2926
20 19.0084
21 18.104
22 20.4284
23 18.5904
24 21.2979
25 22.8073
26 23.8297
27 25.1942
28 23.2356
29 17.2585
30 15.7125
31 15.687
32 18.2988
33 13.8565
34 16.4846
35 18.8073
36 21.0959
37 21.0962
38 21.0314
39 23.3371
40 24.7943
41 25.6074
42 26.6315
43 27.7952
44 31.9882
45 26.1249
46 28.2525
47 27.4913
48 26.2779
49 31.3215
50 33.0062
51 25.2412
52 24.4986
53 29.7622
54 28.0576
55 26.673
56 27.2431
57 22.5644
58 25.148
59 21.2981
60 18.9027
61 22.4721
62 21.2743
63 23.8137
64 24.1588
65 21.9302
66 25.9636
67 24.002
68 22.1575
69 22.6295
70 21.228
71 22.7794
72 23.8588
73 25.8184
74 26.6461
75 24.1473
76 25.0776
77 24.8002
78 22.5131
79 23.7556
80 24.0118
81 24.66
82 22.698
83 19.9562
84 24.2336
85 20.8447
86 19.259
87 23.2295
88 21.7911
89 20.3399
90 23.0886
91 23.0579
92 22.8224
93 15.7305
94 19.0588
95 20.7858
96 18.4917
97 20.8292
98 20.0402
99 21.5561
100 21.5126
101 18.5014
102 19.3836
103 20.8783
104 21.2226
105 18.8275
106 21.6355
107 19.2227
108 17.7745
109 18.6708
110 17.5214
111 21.1999
112 18.7632
113 19.2412
114 18.595
115 19.9868
116 19.4028
117 17.787
118 16.8152
119 20.7481
120 48.8221
