1 17.5771
2 19.583
3 19.4665
4 18.5399
5 18.5715
6 21.769
7 26.3862
8 35.4951
9 36.6508
10 41.9035
11 40.8673
12 40.8457
13 38.1675
14 40.434
15 43.1671
16 43.5733
17 38.532
18 45.4599
19 32.216
20 33.4128
21 31.7618
22 30.6442
23 30.6645
24 25.7909
25 22.715
26 27.5798
27 27.1308
28 26.885
29 30.9675
30 30.9455
31 30.1153
32 23.8437
33 28.4396
34 31.1945
35 28.3298
36 28.6546
37 24.6181
38 24.5817
39 24.8124
40 27.5836
41 26.7355
42 25.1444
43 23.2014
44 23.088
45 20.9272
46 23.59
47 21.8702
48 21.0539
49 21.7062
50 16.1654
51 19.9887
52 23.1443
53 21.7483
54 25.4684
55 22.0396
56 19.3635
57 23.5453
58 24.3218
59 27.0721
60 26.332
61 21.249
62 24.4208
63 19.9651
64 21.7411
65 23.182
66 28.0233
67 26.2119
68 24.6282
69 25.0528
70 20.2441
71 16.7201
72 20.1526
73 18.9276
74 21.9389
75 21.0375
76 21.8298
77 24.0638
78 21.4076
79 20.7403
80 19.9283
81 16.825
82 19.2428
83 17.1263
84 20.8316
85 18.7744
86 18.9747
87 19.15
88 18.4107
89 16.7246
90 21.2389
91 18.4911
92 19.9977
93 17.0445
94 19.3017
95 16.6311
96 14.6362
97 16.2448
98 20.2036
99 18.3962
100 18.502
101 18.3863
102 16.2738
103 16.4762
104 17.2783
105 18.4157
106 15.4688
107 18.0514
108 17.9315
109 18.8763
110 17.3903
111 19.3073
112 19.0155
113 17.5101
114 17.0361
115 17.1129
116 20.6072
117 17.9895
118 17.298
119 17.6442
120 38.6385
