1 24.7541
2 27.3061
3 31.8636
4 31.9504
5 35.4629
6 30.9556
7 46.4919
8 43.0939
9 43.0059
10 37.8942
11 37.864
12 46.7998
13 36.0928
14 41.1395
15 38.9967
16 32.3226
17 34.4056
18 34.0512
19 36.2023
20 33.5073
21 28.6146
22 30.0898
23 28.3786
24 30.0533
25 26.635
26 25.5645
27 25.3328
28 30.1576
29 32.0632
30 29.504
31 30.3614
32 27.8071
33 23.9237
34 26.3373
35 24.2091
36 24.086
37 18.1991
38 19.4507
39 23.9909
40 24.6951
41 24.0909
42 27.6926
43 27.1784
44 27.7381
45 25.787
46 22.1468
47 25.342
48 23.6518
49 25.0476
50 25.3976
51 21.5973
52 24.3023
53 22.8521
54 23.4859
55 23.1567
56 24.0344
57 24.709
58 21.6196
59 22.6099
60 25.1711
61 26.6031
62 27.1344
63 23.7482
64 27.9704
65 23.6686
66 20.8649
67 21.5015
68 22.5514
69 23.4137
70 19.7742
71 19.0001
72 21.0976
73 21.932
74 20.8715
75 21.6798
76 20.8705
77 22.5621
78 23.1031
79 23.371
80 21.5019
81 21.2879
82 19.4962
83 24.126
84 19.299
85 20.192
86 19.7169
87 16.7076
88 16.6848
89 16.2067
90 16.7707
91 18.2546
92 16.5214
93 19.6174
94 19.9565
95 17.1779
96 20.7568
97 17.7157
98 16.1897
99 17.4126
100 19.2113
101 17.7193
102 18.6711
103 18.1974
104 18.7555
105 16.7729
106 16.0401
107 16.8529
108 17.513
109 14.5913
110 16.64
111 17.2436
112 16.5536
113 16.0887
114 17.717
115 15.7366
116 14.8571
117 16.1714
118 18.6504
119 17.4696
120 27.0423
