1 6.05548
2 9.61734
3 11.4897
4 10.4984
5 12.659
6 16.0719
7 19.8172
8 24.4729
9 31.9204
10 33.9087
11 34.9769
12 33.5498
13 27.0388
14 28.6842
15 26.5589
16 28.2196
17 24.7557
18 31.0907
19 36.8474
20 35.014
21 39.2355
22 38.4909
23 39.4385
24 36.3939
25 35.2553
26 37.9643
27 36.8181
28 33.5647
29 33.1087
30 37.0963
31 37.7335
32 38.3451
33 32.3745
34 30.0579
35 26.0805
36 23.7553
37 31.1561
38 28.0088
39 26.263
40 23.4732
41 25.3945
42 20.8072
43 21.6294
44 20.5438
45 22.8157
46 22.7564
47 21.6729
48 22.4172
49 23.772
50 22.9437
51 18.3334
52 21.4503
53 22.2591
54 24.6091
55 20.0545
56 22.0637
57 20.7687
58 22.0272
59 19.0259
60 19.7989
61 20.8612
62 20.7422
63 20.9646
64 19.5247
65 20.5657
66 23.6278
67 24.3363
68 20.6489
69 20.8881
70 18.6771
71 17.8437
72 18.8572
73 20.3211
74 18.4334
75 19.3568
76 18.5276
77 18.6251
78 16.3831
79 20.505
80 21.5288
81 16.638
82 22.4901
83 27.235
84 23.9514
85 24.5228
86 19.9643
87 18.6488
88 20.7196
89 18.4494
90 20.4529
91 20.062
92 18.0062
93 18.2347
94 17.3752
95 15.4352
96 20.9084
97 17.5816
98 20.9265
99 17.3332
100 15.5598
101 15.5542
102 14.552
103 16.6953
104 15.9954
105 14.3179
106 17.6754
107 17.0404
108 15.1811
109 16.7358
110 14.7751
111 15.2751
112 18.2022
113 14.1574
114 15.722
115 16.8287
116 14.6361
117 14.533
118 16.1725
119 12.5467
120 22.1605
