1 14.2664
2 19.4126
3 19.668
4 19.5036
5 19.832
6 19.935
7 19.1498
8 19.2306
9 19.9828
10 19.4868
11 19.6312
12 20.8529
13 21.7921
14 27.9341
15 30.5069
16 35.1611
17 35.0916
18 31.4538
19 36.5981
20 33.6902
21 28.6105
22 32.1951
23 27.1281
24 25.0594
25 26.3125
26 25.8404
27 24.3062
28 28.8409
29 32.7977
30 28.3882
31 29.6355
32 26.1573
33 26.0574
34 27.3869
35 23.5436
36 21.1556
37 22.7083
38 24.5418
39 24.6232
40 27.3229
41 25.8436
42 25.4886
43 24.762
44 23.6835
45 23.2257
46 24.8349
47 23.8573
48 25.4063
49 23.5947
50 25.5897
51 26.2435
52 22.3735
53 25.3296
54 22.6951
55 23.9941
56 25.273
57 25.5338
58 21.698
59 23.3565
60 24.0506
61 24.5199
62 25.5144
63 22.7654
64 26.8425
65 22.5792
66 23.0196
67 22.6596
68 20.4814
69 22.4462
70 19.4761
71 18.7554
72 21.456
73 18.4368
74 20.4353
75 21.6579
76 18.8946
77 20.2397
78 24.2564
79 23.6155
80 20.102
81 20.9513
82 22.3519
83 23.3046
84 20.6531
85 16.7371
86 22.3041
87 17.8573
88 15.0914
89 17.0302
90 17.7385
91 17.5346
92 16.5046
93 16.7557
94 18.3495
95 17.7411
96 19.5382
97 19.9878
98 16.8212
99 17.9601
100 17.7602
101 18.2722
102 18.6446
103 15.9722
104 14.6357
105 18.7562
106 17.5115
107 14.9646
108 15.6883
109 15.7863
110 17.4372
111 17.4854
112 18.1397
113 16.7356
114 17.4213
115 15.658
116 17.8957
117 17.5901
118 16.522
119 17.8636
120 40.6592
