1 7.16682
2 10.2603
3 10.9558
4 11.5168
5 11.5031
6 14.6636
7 16.3313
8 18.2987
9 24.0367
10 25.9797
11 28.4164
12 30.8043
13 33.8337
14 30.9889
15 33.2155
16 31.2762
17 28.2518
18 32.7818
19 32.6062
20 31.865
21 31.1388
22 34.853
23 30.9147
24 30.3606
25 23.5894
26 34.4618
27 34.1258
28 35.6572
29 30.0701
30 27.5976
31 27.2319
32 27.4185
33 22.868
34 23.07
35 27.0812
36 25.8719
37 24.6664
38 24.4157
39 23.2796
40 23.8935
41 20.9619
42 20.6246
43 20.8354
44 20.0201
45 21.2258
46 22.7204
47 25.1124
48 23.0706
49 22.8642
50 20.493
51 24.3867
52 21.871
53 27.6027
54 25.6278
55 21.312
56 23.3032
57 21.7872
58 24.8881
59 25.2628
60 23.7627
61 20.1898
62 19.8365
63 19.8684
64 23.8591
65 23.3374
66 21.9503
67 21.2848
68 22.4247
69 24.8967
70 21.8597
71 22.5174
72 24.1172
73 24.9677
74 24.0145
75 23.8186
76 19.8412
77 23.3286
78 24.1679
79 20.826
80 19.6144
81 16.49
82 15.1114
83 20.0577
84 20.0868
85 22.4408
86 22.2077
87 20.7527
88 19.6286
89 21.953
90 18.3715
91 20.8305
92 18.1101
93 17.7781
94 18.7004
95 21.2008
96 20.0043
97 19.4963
98 19.4732
99 17.8787
100 20.2323
101 21.075
102 18.8725
103 16.8787
104 17.2109
105 17.0499
106 16.5431
107 17.3145
108 17.8799
109 18.4442
110 20.0988
111 18.1201
112 16.0497
113 17.3619
114 16.5739
115 18.674
116 19.1362
117 16.3997
118 17.2359
119 14.8703
120 26.4999
