1 5.81112
2 7.04849
3 7.7124
4 7.9369
5 8.0215
6 7.95785
7 8.50615
8 11.3531
9 13.1179
10 21.4774
11 17.3854
12 18.7747
13 26.0519
14 28.1799
15 22.5092
16 19.478
17 17.8943
18 17.7403
19 19.0853
20 18.8815
21 17.8899
22 17.2747
23 19.7644
24 21.6213
25 19.9085
26 19.6453
27 20.9114
28 19.713
29 19.9165
30 21.8686
31 25.9626
32 22.9241
33 21.9064
34 21.3076
35 25.5062
36 25.3601
37 24.0101
38 25.3008
39 23.6211
40 24.7893
41 23.1486
42 21.3197
43 22.6038
44 22.3771
45 24.5888
46 24.3249
47 22.9679
48 24.4689
49 19.2456
50 19.6201
51 21.0589
52 19.8536
53 26.7031
54 27.4477
55 21.871
56 23.231
57 26.3274
58 24.4424
59 21.3948
60 20.4271
61 20.7284
62 20.7044
63 23.2855
64 21.043
65 24.2312
66 20.5093
67 22.8619
68 25.0598
69 23.5987
70 23.2656
71 24.1518
72 24.8332
73 24.4934
74 23.3472
75 20.438
76 23.2431
77 24.3492
78 24.6482
79 22.9731
80 20.528
81 19.1121
82 17.4263
83 19.5151
84 20.7345
85 21.3432
86 20.0417
87 21.1812
88 21.304
89 22.6683
90 19.2291
91 18.7809
92 19.7125
93 19.9675
94 18.4801
95 18.4521
96 19.7763
97 21.2895
98 17.4943
99 21.3357
100 16.9927
101 18.7019
102 15.2543
103 15.49
104 15.2906
105 15.3511
106 16.1728
107 17.8359
108 19.2578
109 17.6387
110 16.6686
111 17.6033
112 18.9684
113 18.0267
114 18.1082
115 16.6045
116 16.87
117 14.1589
118 16.411
119 16.8826
120 46.3431
