1 16.6138
2 20.0612
3 21.6131
4 20.9718
5 22.8794
6 23.8165
7 24.169
8 24.7085
9 29.234
10 32.0026
11 29.0328
12 26.374
13 25.0085
14 24.8863
15 24.1411
16 27.3293
17 27.4577
18 29.8034
19 23.8231
20 27.7389
21 25.4439
22 26.6273
23 26.5271
24 21.9379
25 20.8262
26 20.7711
27 21.4052
28 24.5742
29 27.5055
30 29.27
31 30.9986
32 25.3957
33 25.1465
34 28.9143
35 28.8756
36 25.9064
37 25.7038
38 24.4828
39 26.6355
40 23.2497
41 23.4524
42 21.201
43 22.0493
44 20.1991
45 21.1485
46 23.8996
47 26.0443
48 23.7843
49 23.5578
50 21.779
51 23.7744
52 25.0711
53 27.7512
54 24.1573
55 22.6879
56 23.6161
57 21.3927
58 24.381
59 26.6055
60 23.8718
61 23.7767
62 21.8516
63 25.9441
64 21.0416
65 22.8775
66 21.5345
67 23.7248
68 26.8476
69 25.8224
70 24.7283
71 24.9391
72 22.8621
73 22.1238
74 20.6947
75 21.2432
76 21.3324
77 21.4913
78 21.7167
79 21.8525
80 20.2547
81 17.7144
82 18.2084
83 19.5196
84 21.5316
85 19.711
86 19.4774
87 21.0016
88 18.0921
89 18.6247
90 17.6411
91 19.029
92 19.3774
93 21.0145
94 19.267
95 18.4232
96 18.6823
97 19.4469
98 19.7139
99 21.0729
100 19.5202
101 19.5128
102 17.7243
103 13.8613
104 18.195
105 16.4486
106 16.3173
107 17.111
108 15.9466
109 17.5692
110 17.2564
111 18.2933
112 17.5389
113 16.4649
114 16.6009
115 18.0393
116 16.2483
117 15.6707
118 16.2224
119 17.0575
120 33.3513
