1 3.64223
2 5.18631
3 5.29625
4 5.79787
5 5.60383
6 6.11591
7 5.09346
8 5.99736
9 6.0615
10 6.38461
11 6.45149
12 6.01243
13 5.73229
14 6.14386
15 7.2788
16 9.47403
17 9.45193
18 10.8287
19 12.166
20 12.1537
21 13.3706
22 15.2361
23 15.3543
24 15.0946
25 15.0974
26 15.2452
27 14.4987
28 14.98
29 14.4746
30 13.2061
31 11.5165
32 10.3818
33 10.2446
34 10.0742
35 10.1707
36 8.09257
37 8.34197
38 7.90412
39 7.93892
40 7.89535
41 8.76805
42 9.02838
43 9.50901
44 8.62067
45 7.84022
46 8.09827
47 8.71873
48 9.71548
49 10.7374
50 10.4124
51 10.3228
52 10.6435
53 11.9333
54 12.9821
55 16.0573
56 16.8251
57 15.1394
58 16.0094
59 14.3977
60 15.1275
61 15.4715
62 15.2678
63 15.5175
64 15.1686
65 14.2594
66 15.5444
67 15.6879
68 15.7273
69 15.8038
70 12.5559
71 11.6673
72 11.6292
73 11.3239
74 11.2641
75 12.9701
76 13.6909
77 13.8427
78 14.1961
79 14.304
80 13.9727
81 13.5624
82 14.4424
83 13.9672
84 14.1039
85 14.8414
86 15.7479
87 16.2213
88 15.3908
89 25.7852
90 21.3855
91 20.1771
92 22.6574
93 27.1843
94 26.7694
95 28.9973
96 33.4336
97 36.5891
98 33.8
99 38.0453
100 38.69
101 39.0969
102 32.5752
103 33.3654
104 33.6327
105 39.2963
106 33.7459
107 37.6817
108 37.3204
109 36.8252
110 33.7026
111 38.189
112 30.5052
113 31.0663
114 28.72
115 29.5235
116 29.7871
117 26.9516
118 36.073
119 21.4905
120 78.6341
