1 27.5293
2 34.5342
3 34.6187
4 38.5426
5 39.0856
6 45.2556
7 44.4033
8 45.1952
9 42.2464
10 43.2981
11 41.4206
12 42.9733
13 43.1973
14 44.1726
15 40.8721
16 40.198
17 38.8314
18 40.0531
19 40.5876
20 41.1622
21 39.7357
22 40.9228
23 41.7735
24 35.8181
25 39.6154
26 42.788
27 30.5847
28 38.0686
29 48.3833
30 41.8101
31 46.5185
32 40.2776
33 49.034
34 47.1185
35 41.9477
36 54.6576
37 49.0558
38 56.4727
39 52.3197
40 48.0905
41 50.6151
42 52.3139
43 38.8227
44 43.1424
45 47.4024
46 35.6828
47 38.6525
48 28.9327
49 34.3953
50 30.0566
51 32.149
52 39.5174
53 40.6252
54 35.208
55 35.5241
56 25.8522
57 36.3898
58 41.5793
59 29.4333
60 28.4746
61 25.0929
62 36.105
63 37.0478
64 31.9969
65 26.4402
66 33.3243
67 37.21
68 37.2778
69 43.1938
70 34.9482
71 35.6199
72 39.0424
73 37.6676
74 32.3944
75 34.9283
76 42.3401
77 32.6699
78 23.1232
79 30.3031
80 37.4204
81 26.1596
82 23.969
83 30.5424
84 25.588
85 29.0317
86 29.7494
87 36.0056
88 24.5719
89 34.7576
90 33.9919
91 31.6631
92 29.705
93 34.3299
94 31.267
95 38.5117
96 32.4381
97 32.9543
98 30.6727
99 36.812
100 41.5226
101 34.486
102 39.6568
103 32.6086
104 38.3544
105 30.3242
106 33.4634
107 32.0937
108 33.9785
109 31.8839
110 35.9189
111 35.3744
112 26.9094
113 33.2061
114 29.6444
115 25.3749
116 30.1713
117 23.0104
118 35.1908
119 24.8223
120 46.9804
