1 8.58894
2 10.952
3 10.8559
4 10.6744
5 10.5349
6 11.5991
7 13.1534
8 12.4211
9 12.9151
10 13.536
11 13.8813
12 15.0502
13 15.6034
14 15.9183
15 16.985
16 15.3657
17 17.4844
18 18.3338
19 21.6865
20 23.8129
21 23.7782
22 21.8719
23 19.1331
24 20.1413
25 21.5626
26 23.1291
27 22.5539
28 22.1593
29 18.9535
30 18.743
31 18.7736
32 17.9045
33 20.9915
34 21.2412
35 20.5623
36 20.3594
37 22.7946
38 28.9266
39 33.9604
40 30.8317
41 28.7228
42 31.3208
43 30.5036
44 32.3006
45 36.0401
46 32.8992
47 27.2784
48 30.1575
49 26.9649
50 32.6393
51 33.998
52 36.3666
53 34.8424
54 29.0599
55 36.9783
56 38.6724
57 26.5168
58 33.7832
59 32.0051
60 44.1007
61 24.3013
62 30.5382
63 34.8744
64 23.5592
65 28.1467
66 30.2293
67 31.4098
68 29.064
69 27.8864
70 26.8651
71 26.7598
72 29.1345
73 31.6114
74 26.7094
75 29.262
76 30.8961
77 28.8454
78 26.4383
79 40.7897
80 39.39
81 32.0341
82 28.1524
83 35.8463
84 28.9829
85 27.9399
86 40.6045
87 34.8696
88 31.0855
89 39.3748
90 40.3484
91 37.4542
92 27.2769
93 34.914
94 27.064
95 30.6508
96 33.8894
97 26.8975
98 36.9259
99 34.4081
100 36.1537
101 32.4031
102 34.2593
103 39.2101
104 36.6168
105 41.273
106 35.8667
107 30.8432
108 40.4759
109 33.1655
110 32.5926
111 39.7312
112 39.351
113 40.8891
114 35.5705
115 30.9055
116 40.8065
117 34.7315
118 35.7908
119 36.9682
120 43.2266
