1 6.25795
2 7.05257
3 7.49105
4 10.3065
5 10.055
6 10.2616
7 11.1561
8 12.7356
9 10.9978
10 10.1294
11 9.49372
12 9.74761
13 8.38515
14 8.47055
15 8.74805
16 12.2293
17 14.1319
18 16.6507
19 13.1478
20 14.0836
21 15.1354
22 15.397
23 15.4104
24 15.8118
25 18.4657
26 22.4224
27 25.5308
28 26.0529
29 29.3864
30 41.6647
31 39.3987
32 39.3486
33 39.4509
34 38.4064
35 31.1486
36 30.5195
37 38.4597
38 38.7736
39 40.3973
40 36.6467
41 29.3152
42 28.3593
43 29.9437
44 29.1507
45 30.3735
46 28.9803
47 28.6604
48 34.1663
49 36.9353
50 43.3711
51 45.4969
52 41.9924
53 46.6736
54 30.1499
55 31.2517
56 32.5997
57 36.0529
58 36.7469
59 35.8569
60 33.9418
61 35.6284
62 31.9605
63 33.0477
64 37.2262
65 51.2423
66 39.7871
67 43.8216
68 44.4263
69 44.4561
70 48.2382
71 51.0817
72 41.008
73 46.2074
74 49.4343
75 51.3068
76 47.102
77 45.6947
78 45.4473
79 35.3135
80 33.5148
81 32.7007
82 33.3293
83 32.6866
84 29.1844
85 29.8429
86 31.6868
87 31.4998
88 29.9023
89 30.6713
90 27.6383
91 25.4852
92 27.9838
93 30.8143
94 31.65
95 31.3352
96 31.0389
97 29.7804
98 34.9444
99 31.0674
100 29.2108
101 25.0997
102 43.9784
103 38.6339
104 41.0028
105 34.9543
106 36.5956
107 34.7354
108 47.5145
109 32.4664
110 35.2406
111 37.466
112 33.5935
113 44.1788
114 43.9695
115 36.3065
116 46.3717
117 39.9324
118 38.9585
119 35.1361
120 45.9836
