1 5.92276
2 8.12459
3 7.81051
4 7.90722
5 8.03428
6 8.69487
7 8.78622
8 10.1273
9 11.0187
10 11.0155
11 11.7322
12 12.0838
13 12.1626
14 12.1228
15 13.711
16 14.89
17 16.579
18 16.6517
19 15.7742
20 19.0551
21 22.0614
22 23.1431
23 28.3906
24 30.3569
25 29.6402
26 28.7726
27 29.4533
28 31.984
29 31.4726
30 35.1911
31 35.8409
32 31.0772
33 26.3799
34 24.2266
35 25.6517
36 27.511
37 28.4446
38 29.9416
39 32.0396
40 32.6408
41 33.2243
42 30.9449
43 26.5648
44 33.8005
45 37.4574
46 35.1749
47 28.302
48 30.4477
49 29.3311
50 31.2586
51 34.3678
52 37.8166
53 35.4132
54 28.4858
55 35.3281
56 30.6418
57 28.7587
58 29.1708
59 30.5568
60 38.7808
61 27.7512
62 28.5586
63 26.5373
64 25.5185
65 29.422
66 30.6536
67 34.3658
68 32.6144
69 28.7418
70 26.1321
71 31.9119
72 28.9727
73 29.5217
74 26.0051
75 25.9094
76 31.2294
77 27.9848
78 26.4784
79 37.4586
80 34.9744
81 27.3792
82 31.1689
83 38.6656
84 27.5161
85 23.3219
86 35.8487
87 29.2086
88 26.6506
89 37.3064
90 40.3887
91 36.2367
92 26.4401
93 35.2947
94 23.3437
95 33.5737
96 26.7553
97 30.5276
98 35.7264
99 33.0309
100 36.0531
101 31.0453
102 31.4523
103 36.8128
104 38.7588
105 36.9191
106 40.7301
107 30.8615
108 39.0569
109 31.217
110 33.642
111 38.3748
112 37.5978
113 36.6339
114 33.1547
115 34.2872
116 38.2215
117 37.5423
118 34.929
119 34.0579
120 82.1115
