1 3.5886
2 4.02603
3 4.41115
4 5.30872
5 5.52285
6 6.8142
7 6.93201
8 10.9222
9 11.3022
10 10.6477
11 10.8944
12 12.1406
13 13.3633
14 11.6691
15 17.567
16 19.7723
17 22.8519
18 31.2748
19 35.6384
20 35.0991
21 36.1985
22 35.6443
23 37.0608
24 39.3359
25 40.8573
26 39.97
27 44.3571
28 33.7193
29 30.2132
30 31.3117
31 30.5447
32 29.7385
33 32.7282
34 30.3507
35 28.4025
36 30.1096
37 43.0974
38 36.9705
39 36.4775
40 33.8443
41 37.5806
42 36.1486
43 32.1692
44 32.1081
45 32.8459
46 33.2225
47 36.3423
48 30.259
49 28.3793
50 29.6968
51 30.0313
52 33.0114
53 32.3055
54 32.2739
55 27.9105
56 33.1269
57 38.0546
58 29.9142
59 32.5746
60 34.4137
61 36.9092
62 36.0701
63 38.4458
64 34.7303
65 41.1999
66 38.8597
67 41.7639
68 37.894
69 34.2279
70 37.3165
71 32.7148
72 32.5162
73 38.785
74 38.6712
75 31.3194
76 32.245
77 36.5842
78 39.4059
79 35.8212
80 30.1842
81 29.8273
82 32.3795
83 30.8127
84 28.3271
85 33.7922
86 29.7481
87 37.5751
88 31.353
89 42.0591
90 29.932
91 36.0296
92 34.1559
93 37.5938
94 37.9396
95 36.773
96 30.9422
97 38.5691
98 37.6017
99 38.7459
100 33.7733
101 30.5537
102 25.7801
103 26.2958
104 33.1953
105 35.4005
106 32.871
107 32.6809
108 28.1453
109 28.5512
110 30.8517
111 29.9812
112 29.5017
113 30.3854
114 28.0834
115 29.2346
116 27.7786
117 30.95
118 25.5863
119 26.247
120 67.7464
