1 10.3898
2 13.0281
3 13.3174
4 13.0172
5 12.2111
6 12.223
7 11.566
8 10.8933
9 11.641
10 9.95979
11 9.45812
12 11.54
13 11.4446
14 10.5521
15 10.4916
16 12.7557
17 12.5975
18 13.9024
19 14.6808
20 14.6765
21 20.3677
22 21.3378
23 22.1789
24 25.6254
25 29.8258
26 28.4877
27 29.6725
28 30.2835
29 32.7467
30 41.5015
31 43.7804
32 43.2696
33 41.332
34 47.915
35 51.1302
36 40.7859
37 42.9178
38 42.3237
39 45.4135
40 37.6863
41 44.1736
42 37.1226
43 43.8354
44 35.0596
45 32.8019
46 34.4676
47 26.2721
48 43.8213
49 30.088
50 23.9535
51 37.9939
52 32.6251
53 35.116
54 32.059
55 40.6876
56 37.8644
57 36.1752
58 34.4594
59 24.017
60 37.6899
61 23.1735
62 31.4479
63 26.7968
64 34.4044
65 30.6137
66 26.0684
67 28.1882
68 37.4739
69 24.0835
70 29.9029
71 38.7465
72 35.5641
73 27.8477
74 35.6373
75 37.3557
76 39.6517
77 33.3994
78 30.4635
79 26.4546
80 30.7357
81 32.448
82 30.7959
83 30.5574
84 31.3018
85 28.1584
86 32.3109
87 36.9409
88 34.3881
89 37.0467
90 34.2045
91 31.6172
92 32.7655
93 30.3795
94 30.6516
95 30.3231
96 32.8926
97 36.1973
98 32.0684
99 22.8105
100 39.2757
101 37.3609
102 34.8736
103 35.2751
104 35.7205
105 22.6885
106 29.6094
107 34.6809
108 31.7971
109 33.4466
110 32.5486
111 30.3496
112 33.405
113 29.1602
114 31.0919
115 34.6767
116 36.9361
117 35.3623
118 35.9888
119 33.2406
120 61.2863
