1 17.2653
2 20.9686
3 21.48
4 25.4306
5 26.8744
6 27.0441
7 30.9179
8 32.4823
9 35.5304
10 36.1037
11 38.8416
12 37.904
13 43.2236
14 42.6047
15 45.9149
16 46.1299
17 44.5055
18 43.2838
19 42.3234
20 45.7587
21 39.6089
22 39.4668
23 51.5779
24 42.2284
25 48.4097
26 41.625
27 36.8626
28 37.5069
29 50.0479
30 40.7018
31 44.5819
32 40.2763
33 49.9454
34 48.9882
35 49.3529
36 56.1995
37 47.9174
38 54.4391
39 50.2085
40 48.9342
41 55.4011
42 55.287
43 44.7588
44 41.5508
45 49.2932
46 43.5945
47 47.4433
48 37.5795
49 38.6811
50 39.0463
51 33.1044
52 39.6744
53 39.7171
54 39.1251
55 44.0596
56 33.7632
57 41.8677
58 47.2898
59 32.4893
60 25.1381
61 26.5954
62 36.2658
63 35.3072
64 34.8554
65 26.5771
66 34.0821
67 36.6065
68 43.3035
69 35.8921
70 40.6935
71 37.5655
72 42.3191
73 37.2313
74 40.9157
75 36.5141
76 44.3215
77 34.4264
78 23.6682
79 32.1414
80 36.7093
81 31.6571
82 24.5389
83 31.8093
84 25.4943
85 30.2773
86 28.0264
87 34.9687
88 25.5814
89 31.7671
90 34.841
91 32.2681
92 27.7991
93 24.2565
94 33.2412
95 41.3747
96 33.275
97 36.3703
98 34.7019
99 29.5819
100 33.6604
101 39.6734
102 33.8817
103 28.3096
104 35.9064
105 34.9812
106 33.6324
107 35.0317
108 34.0868
109 33.5472
110 32.0508
111 32.9962
112 32.5406
113 31.6876
114 31.9941
115 34.7578
116 30.3343
117 22.9376
118 35.3662
119 27.2205
120 44.4404
