1 11.2578
2 13.7522
3 16.1197
4 17.8964
5 21.1627
6 28.3963
7 28.6227
8 33.1385
9 38.7077
10 34.3457
11 37.2927
12 38.0068
13 37.9486
14 36.1108
15 38.9184
16 35.3411
17 31.6695
18 37.9513
19 32.4346
20 34.6003
21 33.2255
22 33.2087
23 36.0538
24 35.0093
25 31.8678
26 28.9342
27 28.749
28 30.0981
29 30.1886
30 31.1306
31 31.762
32 27.2057
33 30.4545
34 28.4001
35 30.9954
36 27.0147
37 32.0003
38 33.034
39 25.2074
40 25.4901
41 28.8113
42 25.4712
43 31.2654
44 29.6476
45 22.4287
46 25.2358
47 29.3614
48 34.4459
49 27.1878
50 31.7902
51 32.5377
52 28.4126
53 27.7464
54 26.849
55 30.6175
56 37.4736
57 26.2786
58 27.5195
59 27.4533
60 32.68
61 32.1883
62 33.1974
63 36.0393
64 30.859
65 28.8384
66 38.2135
67 36.6315
68 35.2413
69 32.7789
70 30.1379
71 29.6725
72 38.974
73 37.6537
74 32.4019
75 37.865
76 36.2608
77 36.2404
78 37.8821
79 35.7768
80 36.182
81 29.2784
82 27.9262
83 30.047
84 22.946
85 27.2899
86 27.6419
87 28.4577
88 31.9748
89 37.2207
90 33.7642
91 33.4188
92 33.8595
93 33.7175
94 35.5501
95 37.5771
96 34.6145
97 42.2772
98 33.572
99 38.6552
100 34.1116
101 32.5157
102 35.7942
103 36.4171
104 32.7052
105 35.8899
106 33.3017
107 28.7784
108 31.6324
109 32.7187
110 32.1135
111 34.6929
112 37.7256
113 33.6704
114 32.2951
115 30.5368
116 33.5379
117 30.5688
118 28.1224
119 29.8263
120 44.6436
