1 16.3456
2 18.5366
3 17.8221
4 18.1117
5 17.7569
6 21.0675
7 23.9385
8 33.9274
9 28.4877
10 25.2998
11 27.2555
12 29.2617
13 27.3733
14 23.4987
15 27.8709
16 38.3386
17 37.9459
18 36.2217
19 33.6818
20 36.9296
21 38.2591
22 40.8247
23 40.152
24 37.6492
25 44.7422
26 35.2373
27 36.8848
28 29.1863
29 31.4339
30 32.2091
31 34.2511
32 32.7484
33 30.9675
34 26.7192
35 32.5032
36 31.1708
37 29.4963
38 30.2662
39 32.8532
40 30.6394
41 29.4265
42 26.6371
43 28.8778
44 31.7138
45 32.1622
46 37.5223
47 30.3092
48 31.5594
49 27.2563
50 27.169
51 30.1016
52 24.8761
53 26.9896
54 28.622
55 29.635
56 30.1135
57 26.9866
58 28.6311
59 28.9797
60 34.3892
61 38.5496
62 32.8463
63 30.3629
64 31.6623
65 31.551
66 37.5153
67 34.2781
68 25.8715
69 35.1631
70 29.0354
71 32.5044
72 34.7267
73 36.896
74 26.4279
75 25.7924
76 26.1554
77 31.706
78 31.4899
79 31.1146
80 34.3393
81 29.8231
82 32.3253
83 32.219
84 31.6208
85 31.075
86 26.8003
87 28.3699
88 29.7104
89 29.6589
90 30.7541
91 30.1367
92 29.5721
93 31.3548
94 32.8882
95 31.9742
96 31.3627
97 30.8617
98 31.3428
99 23.9393
100 28.6463
101 31.8841
102 28.5703
103 31.9829
104 32.1827
105 32.3168
106 33.1482
107 32.7021
108 29.3447
109 26.5447
110 29.3256
111 26.1795
112 27.0001
113 28.3275
114 23.7929
115 22.2108
116 28.838
117 29.5219
118 24.0183
119 23.3071
120 45.2638
