1 21.868
2 24.3114
3 25.226
4 23.8044
5 26.214
6 34.3575
7 32.1919
8 35.0008
9 35.8615
10 30.2395
11 36.2516
12 35.5802
13 28.8716
14 27.2408
15 33.7761
16 34.5951
17 35.1733
18 32.2802
19 35.0778
20 34.5325
21 34.971
22 34.3416
23 34.0802
24 28.7524
25 28.4788
26 25.2625
27 24.2545
28 24.1799
29 22.0898
30 24.9105
31 19.9004
32 22.2914
33 20.4154
34 22.118
35 19.6019
36 22.8146
37 29.6749
38 31.2239
39 25.9422
40 23.4266
41 25.5956
42 22.4784
43 24.7143
44 30.6007
45 32.9773
46 40.8488
47 38.1775
48 35.3861
49 34.4371
50 31.7698
51 37.8838
52 32.7601
53 22.1358
54 33.6421
55 28.2581
56 22.9099
57 31.5424
58 36.6564
59 34.2795
60 36.2819
61 37.0822
62 35.933
63 36.7357
64 29.5279
65 30.7343
66 38.0422
67 37.9529
68 34.1885
69 36.2999
70 32.7059
71 30.106
72 34.7205
73 35.7474
74 33.7706
75 33.4916
76 39.9405
77 37.903
78 32.8703
79 33.0722
80 30.4074
81 31.974
82 31.5001
83 33.9783
84 35.256
85 37.027
86 33.8984
87 32.7396
88 33.3241
89 34.3836
90 33.1905
91 33.1272
92 33.7331
93 30.601
94 33.4066
95 33.6075
96 32.4299
97 33.0397
98 32.0555
99 31.0354
100 33.6588
101 35.3903
102 31.0388
103 33.8055
104 31.346
105 28.7224
106 32.6464
107 31.877
108 29.952
109 32.3547
110 31.9615
111 32.4401
112 29.5076
113 32.3284
114 33.3317
115 36.4585
116 30.6231
117 32.418
118 32.4797
119 30.4519
120 37.19
