1 19.6291
2 22.843
3 23.0053
4 21.7654
5 26.2613
6 35.9005
7 41.9714
8 38.0264
9 47.6099
10 46.9651
11 41.2997
12 44.6457
13 32.9478
14 33.0427
15 26.8368
16 28.6979
17 31.871
18 34.4364
19 30.9639
20 33.2982
21 37.0796
22 35.9192
23 32.1514
24 35.6092
25 26.6378
26 31.171
27 31.5602
28 30.2007
29 29.8705
30 26.6728
31 25.0543
32 32.7278
33 28.0342
34 29.9739
35 27.9041
36 30.8595
37 22.1472
38 24.2344
39 28.4637
40 28.407
41 29.9559
42 38.2171
43 33.1027
44 31.2699
45 33.6357
46 33.3878
47 27.1031
48 32.0721
49 35.0125
50 31.0355
51 31.7655
52 28.0125
53 36.0092
54 35.7304
55 26.3856
56 30.2314
57 25.4634
58 35.1512
59 35.0976
60 34.7627
61 38.8657
62 37.6477
63 36.275
64 37.6462
65 37.1811
66 38.756
67 35.3834
68 32.8848
69 23.5593
70 31.7342
71 37.6958
72 37.7649
73 36.3916
74 37.7402
75 38.5326
76 33.8738
77 39.846
78 35.0529
79 37.6844
80 34.9431
81 34.613
82 37.8956
83 35.6138
84 34.5772
85 34.3865
86 35.6738
87 33.0863
88 34.1751
89 31.4676
90 34.1054
91 28.4477
92 30.5694
93 35.1737
94 28.061
95 33.9244
96 33.2366
97 30.5399
98 33.659
99 31.7499
100 31.8291
101 24.5376
102 27.5883
103 32.5654
104 31.705
105 31.2956
106 32.2405
107 26.7713
108 26.3882
109 25.5575
110 30.1784
111 28.7313
112 28.6972
113 28.8863
114 28.196
115 23.3679
116 25.0119
117 29.4002
118 30.0713
119 24.9589
120 51.828
