1 36.8579
2 43.0823
3 41.5382
4 39.9308
5 47.5302
6 55.0334
7 43.5552
8 43.4362
9 47.9453
10 45.8279
11 42.9811
12 45.8854
13 46.502
14 48.3687
15 47.0005
16 39.9924
17 37.0326
18 32.9996
19 28.5095
20 29.0078
21 30.5546
22 32.5053
23 32.5344
24 38.9463
25 33.9205
26 35.6296
27 32.5127
28 27.207
29 32.1089
30 35.2715
31 34.1714
32 34.0621
33 28.3338
34 29.9706
35 32.3026
36 31.0901
37 29.8542
38 30.697
39 29.1982
40 30.2247
41 30.6692
42 27.9107
43 27.9019
44 31.9454
45 29.3176
46 36.6955
47 31.7014
48 30.6553
49 25.4606
50 31.4129
51 28.7925
52 26.6816
53 24.3933
54 30.3023
55 28.894
56 24.6981
57 27.7766
58 30.9949
59 28.2981
60 32.5912
61 35.5899
62 30.476
63 33.0027
64 30.2178
65 35.5882
66 36.6153
67 37.5669
68 24.0218
69 33.9732
70 30.4952
71 34.3631
72 35.7169
73 35.6672
74 34.0191
75 24.7136
76 29.1786
77 31.5345
78 29.3081
79 32.4668
80 33.9352
81 30.9907
82 31.1969
83 33.7856
84 32.7801
85 27.8787
86 32.4332
87 27.7306
88 30.612
89 27.4371
90 34.9736
91 32.4046
92 30.131
93 31.3242
94 32.8346
95 30.0797
96 30.7719
97 27.5107
98 28.0107
99 32.4392
100 31.2583
101 33.7327
102 31.3135
103 34.9234
104 31.0242
105 30.7441
106 34.4634
107 33.9754
108 30.4555
109 30.7941
110 31.9888
111 31.3935
112 30.2753
113 31.5198
114 31.655
115 33.3768
116 30.5778
117 27.8336
118 30.2818
119 33.7317
120 67.0264
