1 8.20175
2 7.89454
3 9.0005
4 9.1969
5 10.8755
6 15.3524
7 19.3314
8 20.8625
9 22.1754
10 22.4814
11 25.3354
12 35.1032
13 35.6213
14 35.0248
15 30.0102
16 32.4235
17 31.5406
18 36.8484
19 33.2402
20 32.9624
21 29.778
22 32.6073
23 30.0651
24 36.6829
25 31.125
26 30.6779
27 30.1541
28 26.3839
29 33.5569
30 26.4206
31 23.8158
32 33.5714
33 27.5093
34 31.7554
35 27.0382
36 30.8184
37 21.9804
38 22.9211
39 33.0763
40 28.9999
41 30.3546
42 42.0487
43 31.9432
44 31.6018
45 37.0885
46 34.9616
47 28.9193
48 32.0473
49 32.9444
50 34.637
51 31.3925
52 32.0989
53 33.3509
54 36.1181
55 27.3443
56 33.4218
57 29.1721
58 35.6994
59 33.9413
60 37.5518
61 38.2017
62 36.35
63 32.4782
64 35.4782
65 36.2031
66 35.4383
67 37.546
68 30.8619
69 24.6451
70 29.1031
71 33.6502
72 38.0594
73 36.9872
74 35.7645
75 38.2065
76 32.8817
77 32.4708
78 33.5209
79 34.9909
80 34.2698
81 34.6207
82 34.834
83 31.5183
84 37.4358
85 34.7797
86 33.3359
87 36.1432
88 36.2203
89 35.119
90 31.93
91 27.6264
92 33.3007
93 34.3271
94 32.9139
95 35.2591
96 34.4131
97 32.3573
98 33.4791
99 30.1531
100 33.5977
101 28.9866
102 27.6975
103 31.5106
104 30.8751
105 29.9749
106 30.6407
107 31.412
108 27.4951
109 30.6082
110 34.6237
111 32.5267
112 30.8091
113 32.7865
114 33.5233
115 32.4848
116 34.9266
117 30.5422
118 31.7418
119 26.3251
120 52.3592
