1 1.41343
2 1.18016
3 4.22158
4 8.69271
5 9.85043
6 10.8155
7 13.3533
8 14.1954
9 17.1833
10 19.897
11 22.8224
12 23.1011
13 23.1206
14 20.3288
15 19.3936
16 19.6114
17 26.269
18 33.6502
19 38.9249
20 49.7107
21 65.4292
22 68.9808
23 72.1405
24 88.7143
25 110.12
26 94.4159
27 96.2511
28 97.0455
29 120.51
30 133.765
31 111.933
32 126.656
33 131.376
34 120.982
35 116.501
36 112.173
37 115.393
38 110.867
39 118.581
40 131.434
41 124.332
42 139.736
43 172.251
44 173.179
45 157.498
46 165.609
47 163.742
48 170.957
49 200.941
50 215.204
51 207.242
52 196.936
53 222.391
54 221.18
55 202.847
56 216.641
57 222.141
58 197.915
59 194.67
60 176.536
61 206.23
62 179.223
63 181.141
64 187.932
65 210.731
66 203.866
67 204.23
68 210.082
69 194.479
70 207.184
71 197.503
72 187.411
73 197.153
74 207.745
75 191.105
76 193.617
77 204.258
78 209.316
79 212.493
80 208.012
81 198.41
82 199.473
83 198.451
84 185.422
85 190.552
86 200.054
87 193.177
88 192.619
89 195.067
90 200.076
91 189.635
92 197.493
93 198.488
94 191.706
95 185.878
96 199.812
97 204.003
98 205.014
99 194.716
100 185.828
101 190.534
102 194.872
103 182.296
104 193.596
105 181.947
106 198.274
107 188.487
108 189.534
109 180.104
110 161.485
111 176.181
112 174.832
113 181.024
114 196.362
115 197.647
116 187.234
117 159.769
118 162.512
119 168.686
120 216.518
