1 5.73336
2 13.9891
3 14.3482
4 17.3873
5 19.494
6 20.7539
7 21.0848
8 21.2409
9 20.7127
10 21.4683
11 25.8993
12 31.0969
13 34.6059
14 41.7198
15 50.7891
16 56.6114
17 56.5232
18 64.0121
19 69.1252
20 73.5507
21 74.3783
22 77.7566
23 84.1925
24 91.6004
25 117.148
26 120.682
27 130.574
28 129.653
29 110.751
30 110.411
31 105.823
32 95.3459
33 93.6502
34 105.175
35 103.455
36 112.144
37 135.255
38 163.265
39 188.854
40 188.033
41 185.876
42 209.598
43 234.244
44 224.858
45 233.308
46 235.357
47 240.929
48 223.614
49 214.617
50 226.564
51 216.995
52 218.529
53 222.177
54 209.321
55 216.871
56 208.671
57 201.519
58 210.379
59 222.213
60 233.36
61 221.006
62 213.78
63 222.78
64 221.305
65 214.296
66 213.688
67 202.583
68 206.291
69 227.815
70 204.771
71 195.537
72 203.612
73 180.803
74 200.813
75 200.238
76 189.487
77 207.164
78 196.467
79 210.558
80 208.302
81 205.688
82 200.971
83 214.781
84 226.093
85 226.291
86 222.547
87 215.309
88 217.974
89 160.966
90 203.577
91 187.691
92 185.352
93 196.42
94 192.152
95 198.995
96 200.674
97 190.137
98 184.219
99 171.594
100 185.889
101 181.71
102 193.358
103 200.54
104 198.674
105 181.784
106 190.46
107 187.008
108 198.765
109 187.769
110 181.833
111 188.394
112 193.38
113 197.603
114 182.818
115 196.366
116 196.586
117 189.99
118 180.455
119 185.665
120 215.173
