1 3.45582
2 7.35344
3 9.56124
4 11.496
5 11.8838
6 14.439
7 15.502
8 16.1943
9 18.261
10 19.1641
11 21.9939
12 23.2096
13 19.0297
14 18.3966
15 18.0449
16 17.8627
17 19.165
18 20.7763
19 20.8515
20 24.3112
21 25.9582
22 30.9809
23 27.523
24 38.3916
25 47.6425
26 53.4199
27 49.1696
28 43.1297
29 49.7644
30 46.6328
31 45.0505
32 43.962
33 37.9225
34 38.5505
35 45.2175
36 55.2168
37 70.4891
38 83.0051
39 88.8063
40 92.0098
41 92.64
42 84.0795
43 79.2404
44 85.3947
45 95.6893
46 106.436
47 118.501
48 135.215
49 137.56
50 165.907
51 161.587
52 159.034
53 154.904
54 151.381
55 153.899
56 130.568
57 123.527
58 124.848
59 143.779
60 147.632
61 184.742
62 222.542
63 213.678
64 202.214
65 205.012
66 220.423
67 203.392
68 219.837
69 205.685
70 202.193
71 204.858
72 204.948
73 214.264
74 196.735
75 204.419
76 218.082
77 218.376
78 198.319
79 227.028
80 223.987
81 224.852
82 220.155
83 210.087
84 220.134
85 231.5
86 214.278
87 212.46
88 214.9
89 202.525
90 212.087
91 215.425
92 214.3
93 191.47
94 219.459
95 174.173
96 198.01
97 197.621
98 207.618
99 202.302
100 186.562
101 208.849
102 206.634
103 193.27
104 207.28
105 207.639
106 209.017
107 198.585
108 212.62
109 198.003
110 189.893
111 202.974
112 218.904
113 214.396
114 204.595
115 201.217
116 201.118
117 195.709
118 208.691
119 198.951
120 199.218
