1 13.3879
2 13.1726
3 12.2228
4 12.9049
5 14.6756
6 15.6083
7 21.7112
8 24.8485
9 20.3099
10 21.9609
11 25.4902
12 26.8222
13 24.6413
14 22.4
15 24.2863
16 28.9842
17 35.7839
18 48.7886
19 48.0303
20 51.5093
21 54.9443
22 59.1277
23 71.0991
24 81.6995
25 90.404
26 99.6007
27 104.154
28 105.806
29 105.186
30 109.287
31 127.063
32 116.592
33 117.013
34 126.725
35 119.51
36 115.948
37 124.303
38 144.029
39 153.311
40 169.333
41 169.126
42 120.687
43 110.587
44 116.286
45 126.84
46 117.861
47 120.899
48 120.105
49 118.695
50 113.717
51 114.502
52 120.163
53 120.737
54 141.721
55 137.5
56 169.251
57 167.782
58 160.131
59 168.672
60 177.212
61 186.939
62 178.219
63 185.914
64 120.641
65 101.041
66 112.299
67 144.859
68 154.287
69 178.086
70 164.027
71 146.559
72 167.128
73 153.033
74 146.415
75 116.146
76 105.289
77 114.911
78 115.036
79 105.719
80 122.949
81 124.445
82 127.851
83 140.748
84 117.704
85 107.824
86 110.446
87 135.631
88 130.596
89 123.197
90 149.868
91 129.736
92 122.064
93 120.512
94 133.489
95 126.378
96 123.963
97 95.2445
98 89.0169
99 88.9036
100 84.7238
101 66.0532
102 66.354
103 81.7023
104 88.403
105 88.8682
106 99.9545
107 105.376
108 109.12
109 119.539
110 121.638
111 125.578
112 134.953
113 139.646
114 137.786
115 119.077
116 122.398
117 131.127
118 122.286
119 135.618
120 130.511
